13,0
5,0
36,0
51,0
25,0
72,0
65,0
86,0
110,0
127,0
31,0
92,0
34,0
140,0
144,0
6,0
156,0
153,0
182,0
193,0
203,0
217,0
220,0
229,0
316,0
321,0
331,0
360,0
364,0
369,0
388,0
393,0
410,0
426,0
440,0
444,0
452,0
495,0
530,0
548,0
552,0
579,0
588,0
609,0
645,0
658,0
687,0
696,0
701,0
706,0
714,0
737,0
743,0
759,0
771,0
796,0
833,0
863,0
872,0
883,0
887,0
915,0
939,0
974,0
1002,0
1028,0
1060,0
1078,0
1104,0
1177,0
1194,0
1203,0
1211,0
1224,0
1233,0
1243,0
1250,0
1259,0
1270,0
1274,0
1279,0
1287,0
1291,0
1302,0
1307,0
1311,0
1319,0
1323,0
1345,0
1360,0
1377,0
1387,0
1394,0
1437,0
1465,0
1488,0
1493,0
1501,0
1530,0
1535,0
1589,0
1597,0
1617,0
1634,0
1664,0
1695,0
1727,0
1768,0
1785,0
1791,0
1807,0
1813,0
1822,0
1840,0
1844,0
1853,0
1867,0
1884,0
1893,0
1909,0
1928,0
1937,0
1942,0
1975,0
1980,0
1987,0
2002,0
2012,0
2040,0
2049,0
2058,0
2066,0
2087,0
2108,0
2130,0
2135,0
2172,0
2180,0
2227,0
2232,0
2238,0
2250,0
2296,0
2343,0
2347,0
2357,0
2369,0
2378,0
2404,0
2423,0
2444,0
2457,0
2461,0
2487,0
2507,0
2560,0
2567,0
2604,0
2608,0
2626,0
2633,0
2653,0
2662,0
2692,0
2720,0
2729,0
2738,0
2742,0
2747,0
2751,0
2785,0
2801,0
2806,0
2826,0
2849,0
2868,0
2872,0
2883,0
2900,0
2938,0
2952,0
2966,0
2973,0
2991,0
3000,0
3014,0
3023,0
3049,0
3058,0
3083,0
3106,0
3113,0
3118,0
3128,0
3147,0
3160,0
3169,0
3198,0
3221,0
3240,0
3245,0
3271,0
3290,0
3296,0
3300,0
3309,0
3317,0
3330,0
3336,0
3342,0
3347,0
3418,0
3425,0
3496,0
3523,0
3533,0
3552,0
3608,0
3637,0
3643,0
3653,0
3669,0
3675,0
3679,0
3695,0
3700,0
3713,0
3723,0
3727,0
3732,0
3776,0
3780,0
3788,0
3795,0
3807,0
3823,0
3832,0
3836,0
3855,0
3870,0
3882,0
3900,0
3905,0
3929,0
3933,0
3952,0
3966,0
3980,0
3985,0
4013,0
4027,0
4068,0
4072,0
4082,0
4094,0
4136,0
4164,0
4173,0
4184,0
4190,0
4199,0
4209,0
4213,0
4237,0
4243,0
4262,0
4290,0
4320,0
4330,0
4344,0
4363,0
4375,0
4391,0
4400,0
4423,0
4428,0
4437,0
4441,0
4445,0
4452,0
4478,0
4484,0
4504,0
4540,0
4547,0
4612,0
4616,0
4621,0
4629,0
4633,0
4639,0
4673,0
4695,0
4704,0
4758,0
4764,0
4779,0
4785,0
4790,0
4805,0
4812,0
4817,0
4828,0
4832,0
4841,0
4858,0
4932,0
4955,0
4960,0
4965,0
4981,0
4989,0
5005,0
5025,0
5035,0
5040,0
5066,0
5072,0
5087,0
5095,0
5109,0
5119,0
5130,0
5140,0
5156,0
5186,0
5190,0
5194,0
5218,0
5242,0
5247,0
5251,0
5285,0
5289,0
5295,0
5320,0
5324,0
5330,0
5345,0
5358,0
5375,0
5384,0
5396,0
5409,0
5431,0
5448,0
5458,0
5464,0
5495,0
5511,0
5517,0
5524,0
5546,0
5561,0
5575,0
5587,0
5591,0
5602,0
5608,0
5616,0
5633,0
5660,0
5705,0
5729,0
5734,0
5739,0
5768,0
5774,0
5790,0
5826,0
5835,0
5845,0
5860,0
5869,0
5881,0
5895,0
5908,0
5935,0
5943,0
5957,0
5981,0
5993,0
5997,0
6005,0
6042,0
6047,0
6065,0
6075,0
6080,0
6091,0
6095,0
6114,0
6121,0
6144,0
6149,0
6161,0
6178,0
6190,0
6196,0
6200,0
6219,0
6225,0
6298,0
6315,0
6323,0
6328,0
6349,0
6360,0
6366,0
6411,0
6449,0
6454,0
6459,0
6495,0
6501,0
6509,0
6550,0
6559,0
6577,0
6582,0
6588,0
6592,0
6601,0
6606,0
6612,0
6631,0
6669,0
6693,0
6697,0
6753,0
6757,0
6764,0
6770,0
6776,0
6789,0
6803,0
6808,0
6874,0
6892,0
6923,0
6927,0
6937,0
6956,0
6966,0
6991,0
6999,0
7004,0
7055,0
7084,0
7122,0
7143,0
7170,0
7195,0
7200,0
7204,0
7223,0
7274,0
7316,0
7326,0
7342,0
7346,0
7356,0
7371,0
7375,0
7404,0
7426,0
7431,0
7442,0
7454,0
7473,0
7507,0
7518,0
7527,0
7547,0
7586,0
7591,0
7595,0
7617,0
7627,0
7656,0
7746,0
7751,0
7769,0
7773,0
7777,0
7790,0
7819,0
7843,0
7859,0
7868,0
7873,0
7899,0
7909,0
7928,0
7955,0
7963,0
7976,0
8033,0
8070,0
8081,0
8091,0
8110,0
8135,0
8168,0
8187,0
8195,0
8201,0
8233,0
8238,0
8247,0
8262,0
8266,0
8292,0
8296,0
8303,0
8309,0
8321,0
8328,0
8354,0
8360,0
8385,0
8389,0
8394,0
8402,0
8446,0
8450,0
8460,0
8470,0
8481,0
8500,0
8507,0
8531,0
8546,0
8550,0
8554,0
8564,0
8571,0
8606,0
8611,0
8627,0
8632,0
8641,0
8650,0
8704,0
8720,0
8745,0
8756,0
8762,0
8771,0
8778,0
8783,0
8788,0
8807,0
8830,0
8873,0
8886,0
8930,0
8940,0
8966,0
8977,0
8992,0
8997,0
9003,0
9014,0
9033,0
9045,0
9050,0
9069,0
9102,0
9120,0
9130,0
9138,0
9142,0
9146,0
9156,0
9163,0
9174,0
9191,0
9196,0
9208,0
9238,0
9251,0
9256,0
9260,0
9288,0
9319,0
9347,0
9358,0
9367,0
9377,0
9394,0
9403,0
9431,0
9454,0
9460,0
9489,0
9509,0
9572,0
9603,0
9636,0
9646,0
9651,0
9669,0
9675,0
9679,0
9691,0
9695,0
9699,0
9717,0
9721,0
9738,0
9755,0
9759,0
9783,0
9791,0
9798,0
9833,0
9847,0
9857,0
9865,0
9871,0
9882,0
9896,0
9900,0
9905,0
9909,0
9944,0
9950,0
9966,0
9970,0
9982,0
9997,0
10003,0
10024,0
10029,0
10044,0
10083,0
10105,0
10114,0
10119,0
10129,0
10134,0
10156,0
10178,0
10204,0
10210,0
10224,0
10228,0
10238,0
10243,0
10249,0
10288,0
10299,0
10308,0
10324,0
10366,0
10376,0
10401,0
10407,0
10422,0
10426,0
10440,0
10444,0
10450,0
10470,0
10497,0
10512,0
10528,0
10543,0
10547,0
10564,0
10568,0
10576,0
10597,0
10615,0
10625,0
10637,0
10652,0
10682,0
10687,0
10692,0
10699,0
10707,0
10725,0
10746,0
10758,0
10766,0
10772,0
10793,0
10798,0
10803,0
10818,0
10822,0
10847,0
10867,0
10883,0
10893,0
10899,0
10903,0
10908,0
10938,0
10942,0
10965,0
10978,0
11004,0
11008,0
11013,0
11027,0
11038,0
11061,0
11066,0
11072,0
11083,0
11108,0
11117,0
11122,0
11135,0
11155,0
11192,0
11285,0
11290,0
11296,0
11308,0
11312,0
11366,0
11407,0
11419,0
11423,0
11428,0
11455,0
11490,0
11494,0
11509,0
11538,0
11543,0
11572,0
11589,0
11606,0
11613,0
11628,0
11633,0
11648,0
11659,0
11665,0
11672,0
11677,0
11689,0
11700,0
11708,0
11750,0
11757,0
11761,0
11786,0
11793,0
11797,0
11862,0
11878,0
11906,0
11935,0
11940,0
11946,0
11950,0
11961,0
11970,0
11987,0
11992,0
12020,0
12040,0
12058,0
12072,0
12092,0
12102,0
12108,0
12112,0
12135,0
12157,0
12167,0
12188,0
12199,0
12208,0
12222,0
12226,0
12250,0
12270,0
12276,0
12287,0
12291,0
12303,0
12313,0
12319,0
12338,0
12343,0
12361,0
12389,0
12423,0
12427,0
12437,0
12457,0
12471,0
12487,0
12515,0
12532,0
12590,0
12604,0
12617,0
12621,0
12635,0
12640,0
12666,0
12681,0
12691,0
12709,0
12713,0
12733,0
12749,0
12761,0
12771,0
12783,0
12818,0
12848,0
12860,0
12885,0
12890,0
12899,0
12904,0
12910,0
12934,0
12938,0
12943,0
12988,0
13005,0
13011,0
13025,0
13031,0
13035,0
13040,0
13050,0
13085,0
13093,0
13098,0
13112,0
13146,0
13174,0
13197,0
13202,0
13227,0
13240,0
13256,0
13278,0
13286,0
13292,0
13301,0
13338,0
13361,0
13384,0
13388,0
13407,0
13437,0
13474,0
13496,0
13511,0
13526,0
13559,0
13563,0
13573,0
13590,0
13594,0
13610,0
13630,0
13657,0
13665,0
13681,0
13695,0
13700,0
13727,0
13743,0
13753,0
13758,0
13767,0
13771,0
13779,0
13783,0
13792,0
13798,0
13819,0
13846,0
13864,0
13875,0
13883,0
13897,0
13934,0
13948,0
13958,0
13978,0
13987,0
13991,0
13996,0
14001,0
14006,0
14048,0
14062,0
14070,0
14082,0
14088,0
14103,0
14114,0
14119,0
14124,0
14148,0
14190,0
14218,0
14228,0
14237,0
14247,0
14251,0
14260,0
14268,0
14286,0
14290,0
14299,0
14304,0
14324,0
14332,0
14336,0
14344,0
14350,0
14359,0
14364,0
14426,0
14441,0
14484,0
14491,0
14495,0
14499,0
14521,0
14545,0
14553,0
14590,0
14596,0
14618,0
14634,0
14654,0
14658,0
14664,0
14668,0
14689,0
14694,0
14704,0
14724,0
14767,0
14801,0
14805,0
14810,0
14816,0
14824,0
14848,0
14855,0
14874,0
14894,0
14921,0
14931,0
14936,0
14951,0
14983,0
14988,0
15006,0
15022,0
15058,0
15079,0
15098,0
15110,0
15121,0
15125,0
15131,0
15164,0
15169,0
15183,0
15196,0
15233,0
15304,0
15309,0
15319,0
15327,0
15404,0
15410,0
15443,0
15462,0
15471,0
15481,0
15485,0
15491,0
15497,0
15520,0
15527,0
15537,0
15551,0
15577,0
15583,0
15590,0
15637,0
15653,0
15670,0
15699,0
15707,0
15731,0
15739,0
15752,0
15777,0
15796,0
15802,0
15808,0
15816,0
15820,0
15832,0
15838,0
15844,0
15856,0
15861,0
15865,0
15879,0
15890,0
15933,0
15961,0
15978,0
15982,0
15989,0
15995,0
16011,0
16036,0
16049,0
16087,0
16135,0
16172,0
16192,0
16201,0
16228,0
16260,0
16267,0
16326,0
16332,0
16343,0
16350,0
16355,0
16370,0
16376,0
16399,0
16411,0
16441,0
16446,0
16453,0
16469,0
16477,0
16498,0
16511,0
16517,0
16527,0
16546,0
16564,0
16570,0
16574,0
16580,0
16603,0
16619,0
16624,0
16630,0
16655,0
16666,0
16686,0
16723,0
16765,0
16772,0
16782,0
16787,0
16793,0
16810,0
16815,0
16830,0
16842,0
16859,0
16876,0
16886,0
16893,0
16900,0
16921,0
16936,0
16958,0
16994,0
16998,0
17004,0
17035,0
17064,0
17069,0
17076,0
17081,0
17085,0
17089,0
17145,0
17173,0
17199,0
17219,0
17230,0
17287,0
17292,0
17297,0
17302,0
17320,0
17329,0
17343,0
17347,0
17377,0
17382,0
17397,0
17406,0
17410,0
17437,0
17456,0
17460,0
17477,0
17484,0
17488,0
17501,0
17545,0
17551,0
17555,0
17569,0
17615,0
17622,0
17639,0
17659,0
17670,0
17674,0
17692,0
17696,0
17701,0
17718,0
17746,0
17760,0
17769,0
17781,0
17794,0
17840,0
17847,0
17851,0
17882,0
17912,0
17929,0
17946,0
17951,0
17956,0
18007,0
18012,0
18017,0
18031,0
18035,0
18040,0
18050,0
18061,0
18078,0
18086,0
18107,0
18132,0
18137,0
18147,0
18152,0
18162,0
18172,0
18176,0
18197,0
18216,0
18221,0
18225,0
18248,0
18260,0
18280,0
18302,0
18370,0
18388,0
18401,0
18410,0
18436,0
18451,0
18463,0
18474,0
18496,0
18514,0
18518,0
18529,0
18560,0
18564,0
18615,0
18619,0
18624,0
18630,0
18638,0
18656,0
18667,0
18682,0
18694,0
18705,0
18727,0
18750,0
18754,0
18758,0
18764,0
18770,0
18785,0
18790,0
18805,0
18811,0
18832,0
18838,0
18845,0
18849,0
18854,0
18858,0
18872,0
18876,0
18884,0
18891,0
18899,0
18903,0
18907,0
18913,0
18926,0
18933,0
18969,0
18973,0
18985,0
19015,0
19040,0
19050,0
19084,0
19093,0
19185,0
19189,0
19200,0
19211,0
19240,0
19246,0
19257,0
19271,0
19293,0
19307,0
19318,0
19325,0
19329,0
19334,0
19353,0
19358,0
19382,0
19425,0
19490,0
19499,0
19530,0
19573,0
19577,0
19583,0
19589,0
19595,0
19606,0
19614,0
19635,0
19649,0
19659,0
19668,0
19717,0
19727,0
19731,0
19740,0
19754,0
19779,0
19783,0
19787,0
19798,0
19809,0
19815,0
19828,0
19886,0
19917,0
19926,0
19931,0
19943,0
19947,0
19979,0
19984,0
20001,0
20007,0
20012,0
20068,0
20080,0
20090,0
20100,0
20107,0
20111,0
20125,0
20131,0
20135,0
20140,0
20153,0
20175,0
20180,0
20185,0
20212,0
20218,0
20258,0
20283,0
20300,0
20304,0
20309,0
20326,0
20337,0
20343,0
20350,0
20364,0
20369,0
20373,0
20402,0
20414,0
20418,0
20432,0
20458,0
20466,0
20471,0
20490,0
20502,0
20507,0
20520,0
20533,0
20540,0
20551,0
20570,0
20589,0
20618,0
20629,0
20639,0
20645,0
20653,0
20675,0
20682,0
20686,0
20718,0
20744,0
20758,0
20791,0
20826,0
20838,0
20866,0
20873,0
20881,0
20885,0
20900,0
20925,0
20930,0
20941,0
20951,0
20959,0
20976,0
20993,0
21006,0
21011,0
21028,0
21052,0
21065,0
21082,0
21105,0
21109,0
21118,0
21125,0
21157,0
21174,0
21183,0
21197,0
21236,0
21253,0
21264,0
21269,0
21275,0
21306,0
21336,0
21358,0
21373,0
21379,0
21386,0
21395,0
21410,0
21416,0
21453,0
21457,0
21465,0
21470,0
21474,0
21497,0
21502,0
21514,0
21526,0
21547,0
21551,0
21563,0
21574,0
21584,0
21589,0
21618,0
21631,0
21644,0
21653,0
21659,0
21674,0
21679,0
21683,0
21688,0
21696,0
21711,0
21727,0
21761,0
21784,0
21792,0
21846,0
21856,0
21860,0
21909,0
21928,0
21984,0
21990,0
22002,0
22030,0
22040,0
22053,0
22086,0
22102,0
22110,0
22145,0
22156,0
22190,0
22195,0
22200,0
22213,0
22234,0
22238,0
22257,0
22263,0
22273,0
22316,0
22339,0
22345,0
22349,0
22354,0
22360,0
22370,0
22374,0
22397,0
22425,0
22429,0
22452,0
22456,0
22461,0
22479,0
22502,0
22522,0
22534,0
22539,0
22565,0
22569,0
22589,0
22597,0
22607,0
22618,0
22644,0
22650,0
22678,0
22684,0
22699,0
22705,0
22721,0
22729,0
22749,0
22770,0
22774,0
22778,0
22785,0
22789,0
22799,0
22810,0
22814,0
22831,0
22845,0
22856,0
22866,0
22875,0
22883,0
22901,0
22906,0
22922,0
22939,0
22947,0
22951,0
22972,0
23000,0
23005,0
23024,0
23028,0
23052,0
23080,0
23104,0
23143,0
23147,0
23152,0
23168,0
23206,0
23224,0
23230,0
23234,0
23272,0
23282,0
23286,0
23295,0
23312,0
23329,0
23334,0
23342,0
23347,0
23353,0
23378,0
23382,0
23396,0
23416,0
23432,0
23436,0
23459,0
23463,0
23473,0
23478,0
23482,0
23502,0
23542,0
23563,0
23576,0
23589,0
23603,0
23629,0
23635,0
23644,0
23656,0
23663,0
23672,0
23702,0
23728,0
23734,0
23752,0
23775,0
23800,0
23824,0
23828,0
23833,0
23839,0
23849,0
23858,0
23882,0
23891,0
23900,0
23911,0
23920,0
23925,0
23938,0
23978,0
23982,0
24001,0
24013,0
24048,0
24091,0
24149,0
24160,0
24164,0
24212,0
24219,0
24297,0
24301,0
24314,0
24318,0
24383,0
24388,0
24405,0
24421,0
24431,0
24436,0
24450,0
24470,0
24476,0
24486,0
24499,0
24512,0
24522,0
24538,0
24543,0
24547,0
24586,0
24619,0
24635,0
24643,0
24649,0
24667,0
24691,0
24714,0
24718,0
24733,0
24738,0
24761,0
24765,0
24786,0
24811,0
24824,0
24834,0
24839,0
24843,0
24873,0
24881,0
24900,0
24911,0
24915,0
24923,0
24932,0
24987,0
24999,0
25013,0
25023,0
25042,0
25071,0
25077,0
25082,0
25099,0
25124,0
25133,0
25151,0
25161,0
25165,0
25197,0
25202,0
25218,0
25222,0
25234,0
25254,0
25265,0
25271,0
25281,0
25298,0
25309,0
25331,0
25336,0
25341,0
25347,0
25367,0
25372,0
25380,0
25385,0
25389,0
25396,0
25404,0
25441,0
25458,0
25470,0
25476,0
25482,0
25491,0
25497,0
25501,0
25519,0
25527,0
25536,0
25542,0
25556,0
25563,0
25579,0
25588,0
25611,0
25626,0
25645,0
25652,0
25657,0
25674,0
25691,0
25708,0
25718,0
25724,0
25731,0
25803,0
25813,0
25817,0
25841,0
25852,0
25859,0
25876,0
25925,0
25944,0
25964,0
25979,0
25985,0
25991,0
25996,0
26004,0
26021,0
26026,0
26031,0
26067,0
26071,0
26076,0
26102,0
26108,0
26140,0
26166,0
26172,0
26185,0
26202,0
26207,0
26225,0
26230,0
26238,0
26268,0
26309,0
26313,0
26332,0
26336,0
26340,0
26433,0
26444,0
26488,0
26497,0
26505,0
26511,0
26516,0
26522,0
26559,0
26565,0
26571,0
26575,0
26586,0
26590,0
26595,0
26610,0
26620,0
26624,0
26674,0
26682,0
26691,0
26705,0
26710,0
26720,0
26724,0
26746,0
26774,0
26783,0
26795,0
26851,0
26856,0
26860,0
26882,0
26893,0
26897,0
26915,0
26942,0
26957,0
26962,0
26967,0
27007,0
27053,0
27061,0
27066,0
27086,0
27093,0
27104,0
27108,0
27137,0
27147,0
27158,0
27166,0
27172,0
27191,0
27205,0
27241,0
27245,0
27257,0
27273,0
27288,0
27292,0
27310,0
27330,0
27341,0
27345,0
27356,0
27366,0
27381,0
27385,0
27404,0
27414,0
27420,0
27424,0
27448,0
27468,0
27498,0
27527,0
27539,0
27543,0
27561,0
27586,0
27616,0
27630,0
27655,0
27660,0
27673,0
27699,0
27713,0
27742,0
27758,0
27775,0
27779,0
27784,0
27798,0
27802,0
27816,0
27828,0
27837,0
27857,0
27865,0
27879,0
27901,0
27908,0
27937,0
28008,0
28012,0
28020,0
28030,0
28037,0
28046,0
28054,0
28061,0
28070,0
28074,0
28088,0
28097,0
28122,0
28138,0
28163,0
28174,0
28187,0
28192,0
28196,0
28206,0
28212,0
28216,0
28220,0
28250,0
28258,0
28271,0
28302,0
28319,0
28340,0
28344,0
28349,0
28360,0
28367,0
28382,0
28395,0
28434,0
28439,0
28446,0
28492,0
28510,0
28515,0
28523,0
28538,0
28550,0
28555,0
28569,0
28574,0
28581,0
28596,0
28626,0
28637,0
28680,0
28688,0
28692,0
28698,0
28708,0
28734,0
28741,0
28760,0
28768,0
28780,0
28802,0
28811,0
28829,0
28835,0
28840,0
28849,0
28853,0
28867,0
28876,0
28911,0
28924,0
28928,0
28950,0
28966,0
28973,0
29006,0
29011,0
29015,0
29020,0
29025,0
29030,0
29067,0
29072,0
29084,0
29111,0
29117,0
29130,0
29135,0
29140,0
29144,0
29154,0
29158,0
29200,0
29208,0
29215,0
29230,0
29268,0
29282,0
29302,0
29329,0
29358,0
29372,0
29389,0
29423,0
29434,0
29450,0
29458,0
29463,0
29467,0
29499,0
29522,0
29527,0
29531,0
29545,0
29550,0
29554,0
29569,0
29578,0
29583,0
29594,0
29613,0
29627,0
29635,0
29660,0
29669,0
29674,0
29684,0
29690,0
29709,0
29714,0
29733,0
29738,0
29746,0
29765,0
29775,0
29797,0
29801,0
29806,0
29873,0
29898,0
29913,0
29981,0
29993,0
29997,0
30006,0
30047,0
30071,0
30118,0
30124,0
30137,0
30182,0
30201,0
30206,0
30216,0
30228,0
30236,0
30243,0
30251,0
30260,0
30285,0
30292,0
30312,0
30340,0
30346,0
30373,0
30388,0
30400,0
30414,0
30425,0
30432,0
30436,0
30440,0
30449,0
30453,0
30475,0
30485,0
30534,0
30564,0
30596,0
30627,0
30660,0
30664,0
30675,0
30712,0
30727,0
30761,0
30766,0
30784,0
30797,0
30815,0
30824,0
30833,0
30847,0
30858,0
30888,0
30896,0
30905,0
30910,0
30919,0
30927,0
30933,0
30943,0
30949,0
30954,0
30972,0
30978,0
31020,0
31026,0
31030,0
31034,0
31052,0
31088,0
31098,0
31105,0
31120,0
31131,0
31139,0
31155,0
31164,0
31178,0
31185,0
31208,0
31212,0
31235,0
31245,0
31259,0
31275,0
31281,0
31291,0
31298,0
31304,0
31308,0
31328,0
31362,0
31367,0
31421,0
31429,0
31439,0
31447,0
31459,0
31497,0
31501,0
31507,0
31513,0
31532,0
31544,0
31564,0
31569,0
31585,0
31591,0
31597,0
31605,0
31616,0
31639,0
31662,0
31685,0
31697,0
31709,0
31716,0
31732,0
31746,0
31755,0
31760,0
31764,0
31779,0
31788,0
31792,0
31803,0
31823,0
31827,0
31843,0
31852,0
31906,0
31916,0
31934,0
31938,0
31942,0
31966,0
31977,0
31981,0
32029,0
32034,0
32041,0
32097,0
32101,0
32121,0
32146,0
32150,0
32164,0
32191,0
32196,0
32217,0
32266,0
32286,0
32312,0
32329,0
32344,0
32369,0
32373,0
32383,0
32401,0
32427,0
32440,0
32493,0
32513,0
32519,0
32537,0
32541,0
32548,0
32555,0
32601,0
32622,0
32628,0
32632,0
32661,0
32666,0
32671,0
32677,0
32682,0
32697,0
32748,0
32759,0
32777,0
32799,0
32826,0
32841,0
32852,0
32859,0
32885,0
32907,0
32911,0
32919,0
32926,0
32932,0
32937,0
32945,0
32955,0
33001,0
33040,0
33062,0
33092,0
33114,0
33138,0
33181,0
33198,0
33204,0
33209,0
33314,0
33373,0
33384,0
33407,0
33429,0
33461,0
33468,0
33473,0
33483,0
33494,0
33514,0
33551,0
33609,0
33677,0
33682,0
33688,0
33692,0
33697,0
33721,0
33746,0
33764,0
33780,0
33797,0
33839,0
33914,0
33925,0
33949,0
33986,0
34029,0
34036,0
34062,0
34073,0
34087,0
34109,0
34124,0
34136,0
34142,0
34164,0
34219,0
34272,0
34300,0
34306,0
34324,0
34328,0
34348,0
34353,0
34358,0
34363,0
34371,0
34378,0
34384,0
34388,0
34392,0
34419,0
34425,0
34434,0
34439,0
34445,0
34459,0
34476,0
34484,0
34491,0
34498,0
34504,0
34513,0
34526,0
34544,0
34550,0
34580,0
34629,0
34638,0
34658,0
34674,0
34684,0
34705,0
34714,0
34726,0
34752,0
34787,0
34792,0
34838,0
34861,0
34889,0
34894,0
34899,0
34911,0
34933,0
34942,0
34980,0
34992,0
34997,0
35014,0
35026,0
35031,0
35037,0
35053,0
35100,0
35134,0
35191,0
35196,0
35201,0
35294,0
35306,0
35332,0
35336,0
35341,0
35346,0
35361,0
35383,0
35388,0
35399,0
35408,0
35420,0
35424,0
35474,0
35489,0
35520,0
35525,0
35537,0
35542,0
35550,0
35554,0
35558,0
35577,0
35590,0
35608,0
35640,0
35651,0
35693,0
35719,0
35737,0
35743,0
35786,0
35796,0
35839,0
35848,0
35860,0
35866,0
35870,0
35876,0
35880,0
35885,0
35892,0
35904,0
35922,0
35939,0
35972,0
35994,0
36000,0
36013,0
36022,0
36036,0
36050,0
36088,0
36106,0
36114,0
36118,0
36125,0
36140,0
36145,0
36149,0
36156,0
36170,0
36188,0
36202,0
36220,0
36225,0
36249,0
36276,0
36283,0
36296,0
36312,0
36327,0
36342,0
36357,0
36367,0
36398,0
36409,0
36437,0
36472,0
36482,0
36502,0
36514,0
36525,0
36538,0
36552,0
36563,0
36572,0
36591,0
36622,0
36636,0
36644,0
36656,0
36669,0
36675,0
36696,0
36733,0
36747,0
36752,0
36763,0
36772,0
36782,0
36787,0
36797,0
36802,0
36824,0
36841,0
36846,0
36858,0
36881,0
36887,0
36948,0
36972,0
36981,0
36995,0
37013,0
37037,0
37062,0
37068,0
37092,0
37097,0
37106,0
37110,0
37114,0
37127,0
37146,0
37169,0
37174,0
37186,0
37190,0
37197,0
37211,0
37224,0
37245,0
37271,0
37275,0
37281,0
37293,0
37323,0
37354,0
37373,0
37402,0
37408,0
37413,0
37444,0
37449,0
37465,0
37476,0
37487,0
37492,0
37499,0
37504,0
37522,0
37539,0
37549,0
37563,0
37569,0
37577,0
37596,0
37602,0
37606,0
37630,0
37635,0
37646,0
37658,0
37675,0
37681,0
37685,0
37691,0
37711,0
37721,0
37726,0
37743,0
37750,0
37755,0
37759,0
37769,0
37783,0
37797,0
37810,0
37814,0
37821,0
37868,0
37891,0
37902,0
37913,0
37930,0
37938,0
37955,0
37966,0
37980,0
38020,0
38040,0
38055,0
38060,0
38086,0
38109,0
38113,0
38119,0
38144,0
38148,0
38163,0
38168,0
38173,0
38183,0
38187,0
38205,0
38214,0
38218,0
38229,0
38269,0
38287,0
38296,0
38308,0
38313,0
38327,0
38363,0
38375,0
38387,0
38461,0
38471,0
38485,0
38501,0
38527,0
38549,0
38555,0
38566,0
38576,0
38617,0
38628,0
38659,0
38684,0
38691,0
38698,0
38704,0
38709,0
38757,0
38787,0
38802,0
38826,0
38849,0
38860,0
38864,0
38876,0
38881,0
38888,0
38896,0
38908,0
38913,0
38932,0
38976,0
38981,0
38987,0
38991,0
39005,0
39009,0
39034,0
39054,0
39082,0
39086,0
39100,0
39119,0
39136,0
39154,0
39161,0
39172,0
39215,0
39239,0
39252,0
39261,0
39299,0
39318,0
39329,0
39334,0
39340,0
39345,0
39366,0
39375,0
39388,0
39434,0
39462,0
39478,0
39482,0
39492,0
39501,0
39505,0
39533,0
39548,0
39565,0
39579,0
39583,0
39605,0
39623,0
39637,0
39652,0
39661,0
39684,0
39688,0
39693,0
39711,0
39729,0
39738,0
39769,0
39799,0
39823,0
39838,0
39842,0
39852,0
39868,0
39883,0
39889,0
39899,0
39913,0
39924,0
39933,0
