37,0
116,0
123,0
82,0
9,0
22,0
150,0
43,0
166,0
175,0
214,0
227,0
254,0
290,0
308,0
312,0
322,0
336,0
347,0
391,0
194,0
404,0
409,0
416,0
456,0
460,0
469,0
477,0
494,0
501,0
519,0
532,0
561,0
565,0
600,0
607,0
618,0
637,0
641,0
674,0
716,0
731,0
753,0
772,0
812,0
818,0
832,0
845,0
849,0
865,0
882,0
898,0
933,0
966,0
978,0
1033,0
1038,0
1051,0
1057,0
1080,0
1090,0
1094,0
1098,0
1103,0
1109,0
1118,0
1122,0
1134,0
1139,0
1154,0
1164,0
1184,0
1196,0
1201,0
1235,0
1245,0
1264,0
1275,0
1327,0
1331,0
1350,0
1383,0
1388,0
1392,0
1432,0
1480,0
1497,0
1520,0
1524,0
1531,0
1566,0
1570,0
1599,0
1610,0
1627,0
1649,0
1666,0
1670,0
1678,0
1682,0
1701,0
1705,0
1710,0
1725,0
1767,0
1773,0
1792,0
1830,0
1859,0
1879,0
1892,0
1944,0
1949,0
1953,0
1958,0
1970,0
1976,0
2026,0
2031,0
2037,0
2048,0
2069,0
2097,0
2103,0
2114,0
2140,0
2144,0
2170,0
2188,0
2194,0
2199,0
2205,0
2214,0
2229,0
2235,0
2251,0
2272,0
2280,0
2288,0
2295,0
2308,0
2328,0
2341,0
2348,0
2359,0
2376,0
2395,0
2401,0
2411,0
2420,0
2427,0
2436,0
2456,0
2463,0
2468,0
2476,0
2497,0
2502,0
2536,0
2562,0
2566,0
2571,0
2587,0
2616,0
2620,0
2635,0
2648,0
2657,0
2676,0
2681,0
2693,0
2714,0
2726,0
2746,0
2757,0
2764,0
2768,0
2782,0
2809,0
2840,0
2851,0
2855,0
2864,0
2874,0
2888,0
2902,0
2907,0
2929,0
2936,0
2956,0
2968,0
2974,0
2979,0
2983,0
2997,0
3002,0
3086,0
3110,0
3117,0
3127,0
3134,0
3143,0
3152,0
3157,0
3163,0
3167,0
3193,0
3197,0
3202,0
3206,0
3235,0
3249,0
3254,0
3266,0
3278,0
3294,0
3322,0
3352,0
3365,0
3376,0
3394,0
3407,0
3426,0
3431,0
3440,0
3450,0
3455,0
3461,0
3465,0
3485,0
3520,0
3525,0
3537,0
3541,0
3545,0
3561,0
3570,0
3580,0
3592,0
3596,0
3602,0
3606,0
3612,0
3624,0
3667,0
3694,0
3701,0
3719,0
3754,0
3760,0
3766,0
3791,0
3810,0
3849,0
3891,0
3924,0
3938,0
3964,0
4029,0
4095,0
4100,0
4119,0
4124,0
4131,0
4137,0
4150,0
4157,0
4163,0
4180,0
4186,0
4193,0
4207,0
4227,0
4232,0
4238,0
4263,0
4288,0
4293,0
4310,0
4327,0
4333,0
4360,0
4382,0
4388,0
4398,0
4405,0
4409,0
4431,0
4435,0
4449,0
4469,0
4488,0
4528,0
4566,0
4586,0
4609,0
4644,0
4659,0
4664,0
4670,0
4680,0
4701,0
4707,0
4720,0
4724,0
4728,0
4757,0
4776,0
4783,0
4797,0
4809,0
4815,0
4824,0
4840,0
4846,0
4851,0
4874,0
4894,0
4914,0
4924,0
4948,0
4963,0
4994,0
5004,0
5021,0
5039,0
5055,0
5083,0
5104,0
5108,0
5113,0
5129,0
5157,0
5180,0
5207,0
5223,0
5232,0
5269,0
5293,0
5307,0
5316,0
5329,0
5335,0
5340,0
5349,0
5353,0
5359,0
5374,0
5428,0
5452,0
5457,0
5463,0
5500,0
5523,0
5543,0
5580,0
5619,0
5624,0
5630,0
5648,0
5659,0
5673,0
5688,0
5743,0
5778,0
5801,0
5822,0
5834,0
5842,0
5878,0
5886,0
5890,0
5898,0
5903,0
5922,0
5926,0
5940,0
5945,0
5954,0
5959,0
5987,0
6008,0
6020,0
6025,0
6029,0
6041,0
6048,0
6069,0
6081,0
6086,0
6090,0
6102,0
6112,0
6117,0
6163,0
6168,0
6173,0
6184,0
6208,0
6212,0
6230,0
6265,0
6278,0
6292,0
6297,0
6303,0
6312,0
6324,0
6350,0
6371,0
6376,0
6406,0
6412,0
6426,0
6452,0
6458,0
6474,0
6499,0
6517,0
6525,0
6552,0
6576,0
6609,0
6630,0
6636,0
6650,0
6660,0
6673,0
6706,0
6730,0
6737,0
6747,0
6751,0
6774,0
6785,0
6790,0
6802,0
6833,0
6843,0
6853,0
6867,0
6878,0
6896,0
6952,0
6957,0
6975,0
6986,0
7013,0
7018,0
7027,0
7049,0
7053,0
7077,0
7089,0
7125,0
7140,0
7156,0
7169,0
7180,0
7190,0
7217,0
7283,0
7288,0
7327,0
7332,0
7341,0
7410,0
7415,0
7433,0
7437,0
7446,0
7467,0
7501,0
7513,0
7530,0
7546,0
7553,0
7567,0
7599,0
7604,0
7619,0
7629,0
7641,0
7663,0
7668,0
7679,0
7688,0
7697,0
7713,0
7722,0
7781,0
7789,0
7811,0
7816,0
7825,0
7829,0
7837,0
7853,0
7871,0
7915,0
7932,0
7940,0
7952,0
7969,0
7975,0
7985,0
7989,0
8001,0
8013,0
8021,0
8058,0
8080,0
8108,0
8129,0
8133,0
8171,0
8182,0
8186,0
8197,0
8216,0
8220,0
8225,0
8250,0
8280,0
8288,0
8298,0
8305,0
8315,0
8326,0
8338,0
8342,0
8346,0
8351,0
8357,0
8363,0
8372,0
8376,0
8384,0
8420,0
8430,0
8469,0
8474,0
8504,0
8512,0
8516,0
8555,0
8589,0
8597,0
8609,0
8622,0
8683,0
8749,0
8763,0
8772,0
8776,0
8785,0
8813,0
8817,0
8826,0
8841,0
8870,0
8875,0
8931,0
8936,0
8946,0
8958,0
8981,0
8996,0
9006,0
9037,0
9041,0
9047,0
9086,0
9115,0
9152,0
9158,0
9165,0
9169,0
9173,0
9180,0
9192,0
9199,0
9203,0
9216,0
9230,0
9264,0
9286,0
9307,0
9311,0
9323,0
9336,0
9389,0
9417,0
9444,0
9465,0
9474,0
9481,0
9485,0
9506,0
9516,0
9538,0
9553,0
9595,0
9600,0
9666,0
9708,0
9725,0
9740,0
9752,0
9762,0
9768,0
9772,0
9792,0
9813,0
9817,0
9827,0
9851,0
9861,0
9877,0
9881,0
9903,0
9932,0
9940,0
9946,0
9972,0
9977,0
9987,0
10045,0
10072,0
10077,0
10087,0
10096,0
10101,0
10125,0
10133,0
10138,0
10142,0
10150,0
10158,0
10187,0
10191,0
10207,0
10230,0
10236,0
10269,0
10281,0
10285,0
10298,0
10312,0
10318,0
10323,0
10334,0
10338,0
10360,0
10378,0
10402,0
10411,0
10427,0
10433,0
10437,0
10453,0
10466,0
10518,0
10530,0
10549,0
10555,0
10581,0
10593,0
10621,0
10628,0
10643,0
10657,0
10680,0
10686,0
10695,0
10727,0
10736,0
10756,0
10773,0
10829,0
10842,0
10849,0
10888,0
10897,0
10915,0
10930,0
10934,0
10944,0
10957,0
10961,0
10999,0
11015,0
11041,0
11046,0
11063,0
11070,0
11076,0
11089,0
11093,0
11098,0
11120,0
11126,0
11153,0
11159,0
11170,0
11179,0
11190,0
11200,0
11205,0
11217,0
11239,0
11245,0
11249,0
11257,0
11277,0
11282,0
11307,0
11372,0
11377,0
11395,0
11403,0
11408,0
11418,0
11441,0
11445,0
11450,0
11458,0
11463,0
11481,0
11504,0
11537,0
11550,0
11568,0
11586,0
11600,0
11664,0
11671,0
11690,0
11696,0
11712,0
11722,0
11727,0
11735,0
11739,0
11771,0
11790,0
11802,0
11818,0
11827,0
11849,0
11854,0
11874,0
11884,0
11914,0
11931,0
11943,0
11957,0
11962,0
11971,0
11997,0
12003,0
12008,0
12035,0
12048,0
12059,0
12063,0
12078,0
12117,0
12131,0
12145,0
12174,0
12187,0
12196,0
12207,0
12237,0
12258,0
12271,0
12279,0
12284,0
12296,0
12308,0
12315,0
12353,0
12404,0
12408,0
12412,0
12416,0
12420,0
12441,0
12465,0
12475,0
12488,0
12507,0
12520,0
12525,0
12542,0
12558,0
12570,0
12574,0
12586,0
12596,0
12646,0
12656,0
12661,0
12723,0
12742,0
12775,0
12790,0
12797,0
12801,0
12817,0
12838,0
12849,0
12857,0
12864,0
12902,0
12947,0
12960,0
12965,0
12979,0
12997,0
13013,0
13017,0
13026,0
13053,0
13057,0
13070,0
13097,0
13107,0
13117,0
13126,0
13135,0
13139,0
13169,0
13181,0
13250,0
13270,0
13281,0
13317,0
13330,0
13335,0
13382,0
13389,0
13393,0
13425,0
13436,0
13478,0
13492,0
13520,0
13534,0
13539,0
13545,0
13550,0
13607,0
13628,0
13647,0
13651,0
13656,0
13687,0
13692,0
13703,0
13707,0
13712,0
13722,0
13726,0
13735,0
13740,0
13793,0
13802,0
13823,0
13832,0
13836,0
13840,0
13876,0
13882,0
13896,0
13926,0
13938,0
13944,0
13959,0
13981,0
13992,0
14012,0
14035,0
14056,0
14065,0
14071,0
14076,0
14083,0
14104,0
14122,0
14130,0
14153,0
14158,0
14196,0
14201,0
14219,0
14229,0
14233,0
14239,0
14263,0
14276,0
14280,0
14321,0
14327,0
14380,0
14384,0
14409,0
14430,0
14485,0
14503,0
14508,0
14541,0
14546,0
14561,0
14567,0
14576,0
14587,0
14593,0
14599,0
14603,0
14612,0
14662,0
14688,0
14715,0
14730,0
14739,0
14744,0
14794,0
14827,0
14838,0
14852,0
14861,0
14888,0
14903,0
14918,0
14930,0
14956,0
15013,0
15047,0
15060,0
15064,0
15074,0
15095,0
15109,0
15114,0
15130,0
15140,0
15153,0
15189,0
15193,0
15209,0
15245,0
15258,0
15270,0
15274,0
15280,0
15290,0
15315,0
15326,0
15332,0
15336,0
15345,0
15353,0
15385,0
15399,0
15405,0
15411,0
15415,0
15455,0
15461,0
15474,0
15494,0
15521,0
15556,0
15568,0
15578,0
15628,0
15642,0
15651,0
15657,0
15681,0
15695,0
15755,0
15776,0
15785,0
15790,0
15814,0
15836,0
15845,0
15926,0
15940,0
15987,0
16048,0
16068,0
16078,0
16092,0
16107,0
16112,0
16122,0
16144,0
16152,0
16158,0
16174,0
16186,0
16209,0
16219,0
16230,0
16250,0
16254,0
16261,0
16266,0
16281,0
16285,0
16306,0
16311,0
16315,0
16337,0
16342,0
16348,0
16358,0
16377,0
16403,0
16413,0
16433,0
16460,0
16472,0
16496,0
16501,0
16520,0
16538,0
16562,0
16567,0
16578,0
16599,0
16610,0
16628,0
16657,0
16668,0
16731,0
16735,0
16755,0
16766,0
16771,0
16820,0
16826,0
16833,0
16838,0
16843,0
16865,0
16880,0
16895,0
16918,0
16924,0
16972,0
16976,0
16989,0
17003,0
17011,0
17020,0
17030,0
17037,0
17044,0
17053,0
17120,0
17133,0
17157,0
17162,0
17185,0
17189,0
17198,0
17232,0
17238,0
17272,0
17276,0
17301,0
17332,0
17337,0
17351,0
17370,0
17376,0
17415,0
17428,0
17432,0
17449,0
17478,0
17521,0
17543,0
17548,0
17561,0
17583,0
17595,0
17614,0
17619,0
17628,0
17632,0
17661,0
17699,0
17708,0
17744,0
17749,0
17753,0
17774,0
17804,0
17821,0
17835,0
17839,0
17870,0
17876,0
17915,0
17966,0
17970,0
17979,0
18006,0
18013,0
18055,0
18070,0
18087,0
18091,0
18104,0
18124,0
18143,0
18168,0
18182,0
18199,0
18227,0
18237,0
18242,0
18254,0
18293,0
18313,0
18322,0
18344,0
18379,0
18404,0
18408,0
18418,0
18427,0
18433,0
18450,0
18455,0
18464,0
18513,0
18519,0
18542,0
18547,0
18577,0
18581,0
18586,0
18595,0
18606,0
18627,0
18655,0
18671,0
18695,0
18701,0
18714,0
18738,0
18759,0
18763,0
18780,0
18792,0
18809,0
18816,0
18820,0
18834,0
18863,0
18887,0
18893,0
18925,0
18930,0
18950,0
18959,0
18975,0
19006,0
19011,0
19028,0
19089,0
19108,0
19118,0
19139,0
19156,0
19165,0
19193,0
19209,0
19224,0
19228,0
19242,0
19256,0
19267,0
19281,0
19290,0
19297,0
19316,0
19322,0
19346,0
19350,0
19363,0
19373,0
19379,0
19386,0
19390,0
19396,0
19402,0
19417,0
19426,0
19444,0
19452,0
19482,0
19486,0
19518,0
19523,0
19533,0
19546,0
19550,0
19580,0
19586,0
19591,0
19607,0
19627,0
19641,0
19646,0
19685,0
19700,0
19704,0
19709,0
19726,0
19746,0
19750,0
19760,0
19767,0
19776,0
19793,0
19806,0
19818,0
19830,0
19840,0
19858,0
19866,0
19870,0
19874,0
19900,0
19919,0
19924,0
19929,0
19934,0
19941,0
19953,0
19998,0
20017,0
20029,0
20037,0
20045,0
20061,0
20065,0
20075,0
20097,0
20114,0
20118,0
20129,0
20139,0
20156,0
20165,0
20170,0
20215,0
20233,0
20239,0
20243,0
20247,0
20260,0
20299,0
20329,0
20345,0
20355,0
20363,0
20368,0
20374,0
20385,0
20400,0
20405,0
20409,0
20434,0
20454,0
20473,0
20483,0
20496,0
20508,0
20529,0
20536,0
20553,0
20563,0
20567,0
20579,0
20590,0
20594,0
20603,0
20623,0
20680,0
20688,0
20697,0
20714,0
20749,0
20760,0
20784,0
20788,0
20799,0
20810,0
20820,0
20825,0
20852,0
20867,0
20874,0
20879,0
20887,0
20891,0
20896,0
20903,0
20908,0
20938,0
20997,0
21002,0
21015,0
21019,0
21025,0
21030,0
21035,0
21040,0
21072,0
21115,0
21120,0
21126,0
21179,0
21195,0
21213,0
21234,0
21256,0
21260,0
21274,0
21296,0
21307,0
21359,0
21365,0
21384,0
21409,0
21448,0
21461,0
21466,0
21477,0
21491,0
21498,0
21504,0
21513,0
21523,0
21528,0
21543,0
21560,0
21570,0
21575,0
21588,0
21593,0
21599,0
21603,0
21614,0
21624,0
21661,0
21685,0
21691,0
21697,0
21732,0
21741,0
21767,0
21783,0
21789,0
21799,0
21806,0
21847,0
21851,0
21869,0
21942,0
21965,0
21969,0
21973,0
21995,0
22041,0
22045,0
22060,0
22068,0
22077,0
22081,0
22095,0
22116,0
22159,0
22164,0
22170,0
22186,0
22203,0
22221,0
22225,0
22242,0
22246,0
22252,0
22262,0
22278,0
22287,0
22313,0
22318,0
22337,0
22342,0
22389,0
22404,0
22410,0
22415,0
22420,0
22431,0
22442,0
22467,0
22482,0
22494,0
22542,0
22557,0
22577,0
22604,0
22610,0
22624,0
22641,0
22653,0
22658,0
22691,0
22704,0
22720,0
22727,0
22748,0
22759,0
22768,0
22818,0
22824,0
22849,0
22853,0
22884,0
22888,0
22905,0
22923,0
22955,0
22959,0
22981,0
22999,0
23030,0
23034,0
23038,0
23059,0
23075,0
23095,0
23100,0
23107,0
23138,0
23142,0
23186,0
23191,0
23201,0
23211,0
23216,0
23226,0
23247,0
23260,0
23269,0
23280,0
23299,0
23326,0
23332,0
23346,0
23356,0
23360,0
23369,0
23387,0
23406,0
23411,0
23415,0
23426,0
23430,0
23448,0
23454,0
23509,0
23523,0
23536,0
23550,0
23554,0
23586,0
23591,0
23601,0
23612,0
23621,0
23632,0
23658,0
23676,0
23706,0
23717,0
23729,0
23739,0
23749,0
23755,0
23764,0
23777,0
23815,0
23846,0
23864,0
23876,0
23928,0
23951,0
23961,0
23972,0
23985,0
23998,0
24003,0
24014,0
24027,0
24037,0
24042,0
24050,0
24067,0
24111,0
24115,0
24140,0
24145,0
24156,0
24178,0
24184,0
24229,0
24275,0
24280,0
24285,0
24338,0
24412,0
24417,0
24456,0
24465,0
24469,0
24475,0
24515,0
24536,0
24565,0
24570,0
24579,0
24596,0
24605,0
24632,0
24651,0
24660,0
24665,0
24688,0
24709,0
24745,0
24800,0
24806,0
24821,0
24831,0
24858,0
24872,0
24883,0
24889,0
24909,0
24916,0
24930,0
24951,0
24959,0
24963,0
24991,0
25033,0
25040,0
25060,0
25075,0
25087,0
25108,0
25116,0
25121,0
25140,0
25145,0
25173,0
25182,0
25186,0
25192,0
25196,0
25210,0
25215,0
25237,0
25250,0
25260,0
25264,0
25269,0
25287,0
25296,0
25308,0
25360,0
25390,0
25401,0
25431,0
25437,0
25445,0
25450,0
25462,0
25468,0
25481,0
25490,0
25495,0
25512,0
25518,0
25525,0
25537,0
25559,0
25569,0
25580,0
25585,0
25590,0
25604,0
25623,0
25629,0
25633,0
25642,0
25649,0
25654,0
25662,0
25693,0
25697,0
25705,0
25716,0
25739,0
25743,0
25754,0
25768,0
25774,0
25806,0
25845,0
25849,0
25856,0
25902,0
25907,0
25916,0
26009,0
26017,0
26028,0
26035,0
26040,0
26046,0
26074,0
26088,0
26098,0
26107,0
26128,0
26133,0
26143,0
26153,0
26163,0
26169,0
26195,0
26199,0
26206,0
26215,0
26234,0
26255,0
26271,0
26277,0
26281,0
26307,0
26362,0
26372,0
26377,0
26386,0
26400,0
26408,0
26436,0
26453,0
26466,0
26470,0
26482,0
26524,0
26533,0
26544,0
26560,0
26598,0
26618,0
26644,0
26684,0
26692,0
26698,0
26702,0
26716,0
26752,0
26776,0
26780,0
26786,0
26799,0
26808,0
26826,0
26837,0
26847,0
26861,0
26865,0
26925,0
26935,0
26946,0
26950,0
26954,0
26971,0
26984,0
27000,0
27015,0
27049,0
27068,0
27082,0
27092,0
27109,0
27129,0
27139,0
27143,0
27161,0
27188,0
27210,0
27214,0
27236,0
27263,0
27305,0
27309,0
27318,0
27334,0
27353,0
27371,0
27394,0
27434,0
27439,0
27465,0
27482,0
27487,0
27507,0
27515,0
27521,0
27532,0
27558,0
27573,0
27590,0
27622,0
27626,0
27636,0
27648,0
27666,0
27681,0
27693,0
27702,0
27711,0
27744,0
27754,0
27761,0
27767,0
27782,0
27820,0
27825,0
27830,0
27834,0
27845,0
27872,0
27892,0
27904,0
27910,0
27916,0
27922,0
27933,0
27970,0
27991,0
28048,0
28052,0
28096,0
28108,0
28123,0
28139,0
28149,0
28159,0
28179,0
28183,0
28189,0
28232,0
28237,0
28241,0
28252,0
28284,0
28294,0
28314,0
28339,0
28346,0
28368,0
28414,0
28479,0
28484,0
28488,0
28494,0
28506,0
28521,0
28541,0
28565,0
28575,0
28588,0
28598,0
28602,0
28615,0
28625,0
28645,0
28654,0
28659,0
28699,0
28738,0
28743,0
28763,0
28767,0
28773,0
28784,0
28803,0
28823,0
28838,0
28878,0
28892,0
28902,0
28912,0
28940,0
28953,0
28959,0
28972,0
29010,0
29019,0
29039,0
29074,0
29078,0
29085,0
29112,0
29123,0
29169,0
29174,0
29195,0
29206,0
29224,0
29234,0
29238,0
29242,0
29273,0
29299,0
29304,0
29335,0
29345,0
29355,0
29368,0
29424,0
29442,0
29446,0
29495,0
29525,0
29574,0
29580,0
29599,0
29625,0
29646,0
29655,0
29667,0
29686,0
29716,0
29728,0
29756,0
29767,0
29782,0
29819,0
29823,0
29852,0
29889,0
29925,0
29960,0
29974,0
30005,0
30011,0
30033,0
30042,0
30046,0
30057,0
30079,0
30085,0
30090,0
30105,0
30109,0
30120,0
30126,0
30131,0
30141,0
30151,0
30159,0
30183,0
30207,0
30218,0
30240,0
30291,0
30301,0
30310,0
30318,0
30329,0
30342,0
30363,0
30375,0
30416,0
30427,0
30456,0
30462,0
30498,0
30502,0
30513,0
30530,0
30542,0
30550,0
30559,0
30566,0
30587,0
30595,0
30606,0
30616,0
30631,0
30657,0
30715,0
30753,0
30757,0
30764,0
30773,0
30789,0
30800,0
30809,0
30814,0
30839,0
30865,0
30871,0
30875,0
30914,0
30920,0
30924,0
30938,0
30948,0
30960,0
30965,0
30974,0
30979,0
30987,0
30998,0
31024,0
31096,0
31102,0
31115,0
31192,0
31197,0
31201,0
31217,0
31222,0
31248,0
31253,0
31269,0
31273,0
31278,0
31295,0
31301,0
31333,0
31395,0
31401,0
31405,0
31410,0
31415,0
31422,0
31440,0
31446,0
31454,0
31458,0
31468,0
31472,0
31480,0
31516,0
31521,0
31551,0
31566,0
31583,0
31589,0
31612,0
31642,0
31665,0
31674,0
31684,0
31690,0
31694,0
31703,0
31708,0
31714,0
31737,0
31778,0
31796,0
31810,0
31865,0
31870,0
31881,0
31893,0
31903,0
31908,0
31924,0
31928,0
31959,0
31994,0
32000,0
32013,0
32019,0
32035,0
32039,0
32059,0
32065,0
32069,0
32079,0
32117,0
32134,0
32166,0
32178,0
32193,0
32209,0
32214,0
32224,0
32251,0
32262,0
32305,0
32323,0
32338,0
32349,0
32362,0
32396,0
32412,0
32422,0
32489,0
32495,0
32525,0
32529,0
32534,0
32547,0
32572,0
32580,0
32585,0
32609,0
32620,0
32641,0
32655,0
32660,0
32672,0
32681,0
32686,0
32721,0
32795,0
32806,0
32810,0
32831,0
32845,0
32855,0
32867,0
32877,0
32881,0
32886,0
32896,0
32914,0
32918,0
32924,0
32929,0
32961,0
32965,0
32971,0
33003,0
33008,0
33025,0
33029,0
33056,0
33077,0
33091,0
33100,0
33110,0
33123,0
33134,0
33149,0
33180,0
33189,0
33199,0
33203,0
33217,0
33223,0
33227,0
33250,0
33264,0
33275,0
33285,0
33302,0
33321,0
33343,0
33357,0
33370,0
33376,0
33390,0
33419,0
33441,0
33463,0
33475,0
33485,0
33507,0
33540,0
33545,0
33560,0
33566,0
33571,0
33595,0
33599,0
33622,0
33636,0
33641,0
33651,0
33655,0
33667,0
33680,0
33685,0
33708,0
33734,0
33740,0
33760,0
33777,0
33782,0
33844,0
33849,0
33854,0
33860,0
33868,0
33873,0
33878,0
33898,0
33913,0
33918,0
33935,0
33950,0
33972,0
33976,0
33995,0
34004,0
34014,0
34028,0
34033,0
34047,0
34051,0
34068,0
34119,0
34131,0
34137,0
34143,0
34169,0
34173,0
34220,0
34225,0
34257,0
34278,0
34284,0
34290,0
34303,0
34308,0
34312,0
34322,0
34329,0
34336,0
34366,0
34370,0
34375,0
34393,0
34397,0
34402,0
34411,0
34422,0
34474,0
34485,0
34496,0
34502,0
34514,0
34527,0
34533,0
34542,0
34549,0
34598,0
34604,0
34630,0
34665,0
34695,0
34730,0
34739,0
34748,0
34753,0
34830,0
34835,0
34848,0
34862,0
34896,0
34946,0
34987,0
34994,0
35021,0
35038,0
35051,0
35071,0
35085,0
35089,0
35103,0
35111,0
35120,0
35144,0
35162,0
35166,0
35184,0
35215,0
35219,0
35232,0
35262,0
35296,0
35311,0
35324,0
35343,0
35374,0
35394,0
35404,0
35416,0
35431,0
35435,0
35444,0
35448,0
35506,0
35517,0
35530,0
35534,0
35570,0
35575,0
35594,0
35603,0
35616,0
35628,0
35647,0
35690,0
35699,0
35703,0
35724,0
35734,0
35739,0
35745,0
35765,0
35777,0
35822,0
35840,0
35861,0
35875,0
35887,0
35894,0
35899,0
35921,0
35926,0
35930,0
35962,0
35970,0
35985,0
35991,0
35997,0
36002,0
36012,0
36019,0
36030,0
36049,0
36054,0
36065,0
36069,0
36100,0
36107,0
36133,0
36155,0
36160,0
36187,0
36217,0
36234,0
36251,0
36256,0
36261,0
36271,0
36280,0
36291,0
36315,0
36334,0
36358,0
36369,0
36402,0
36414,0
36434,0
36445,0
36451,0
36470,0
36483,0
36508,0
36513,0
36529,0
36544,0
36549,0
36557,0
36571,0
36585,0
36595,0
36600,0
36615,0
36648,0
36658,0
36664,0
36674,0
36679,0
36688,0
36706,0
36711,0
36724,0
36731,0
36750,0
36756,0
36761,0
36788,0
36799,0
36832,0
36837,0
36843,0
36849,0
36861,0
36882,0
36902,0
36907,0
36926,0
36955,0
37023,0
37040,0
37047,0
37061,0
37077,0
37082,0
37099,0
37103,0
37137,0
37163,0
37171,0
37181,0
37195,0
37228,0
37267,0
37284,0
37290,0
37312,0
37316,0
37344,0
37352,0
37391,0
37405,0
37416,0
37468,0
37472,0
37482,0
37495,0
37510,0
37518,0
37532,0
37548,0
37553,0
37578,0
37599,0
37615,0
37651,0
37655,0
37693,0
37698,0
37729,0
37741,0
37747,0
37761,0
37771,0
37781,0
37796,0
37834,0
37848,0
37877,0
37898,0
37927,0
37950,0
37957,0
37963,0
37990,0
38000,0
38021,0
38045,0
38067,0
38082,0
38088,0
38116,0
38123,0
38128,0
38132,0
38155,0
38179,0
38192,0
38201,0
38211,0
38228,0
38234,0
38247,0
38278,0
38284,0
38292,0
38305,0
38311,0
38318,0
38355,0
38385,0
38430,0
38511,0
38548,0
38553,0
38565,0
38587,0
38595,0
38607,0
38611,0
38625,0
38630,0
38640,0
38657,0
38672,0
38677,0
38686,0
38692,0
38730,0
38735,0
38747,0
38756,0
38793,0
38798,0
38804,0
38822,0
38837,0
38856,0
38870,0
38874,0
38879,0
38897,0
38917,0
38921,0
38929,0
38945,0
38953,0
38972,0
38978,0
38984,0
38997,0
39002,0
39019,0
39061,0
39071,0
39102,0
39110,0
39123,0
39131,0
39164,0
39174,0
39189,0
39227,0
39242,0
39246,0
39251,0
39264,0
39290,0
39304,0
39308,0
39347,0
39358,0
39390,0
39398,0
39423,0
39428,0
39450,0
39454,0
39473,0
39491,0
39500,0
39517,0
39526,0
39549,0
39641,0
39650,0
39655,0
39666,0
39675,0
39752,0
39775,0
39791,0
39801,0
39826,0
39833,0
39845,0
39854,0
39871,0
