20,0
63,0
69,0
83,0
89,0
103,0
118,0
39,0
157,0
168,0
173,0
196,0
201,0
205,0
215,0
221,0
225,0
230,0
239,0
284,0
293,0
52,0
305,0
311,0
318,0
340,0
352,0
357,0
361,0
365,0
377,0
44,0
394,0
406,0
411,0
417,0
422,0
436,0
449,0
496,0
531,0
541,0
557,0
589,0
597,0
634,0
646,0
655,0
680,0
688,0
698,0
711,0
750,0
788,0
792,0
817,0
877,0
884,0
889,0
921,0
929,0
934,0
940,0
945,0
949,0
962,0
971,0
985,0
999,0
1012,0
1029,0
1035,0
1040,0
1045,0
1050,0
1056,0
1066,0
1074,0
1079,0
1100,0
1144,0
1149,0
1157,0
1178,0
1186,0
1191,0
1236,0
1246,0
1255,0
1260,0
1271,0
1294,0
1316,0
1320,0
1352,0
1369,0
1373,0
1410,0
1414,0
1419,0
1424,0
1433,0
1438,0
1451,0
1456,0
1476,0
1483,0
1489,0
1502,0
1508,0
1536,0
1540,0
1546,0
1554,0
1574,0
1578,0
1582,0
1594,0
1608,0
1614,0
1623,0
1639,0
1648,0
1672,0
1676,0
1687,0
1691,0
1707,0
1728,0
1733,0
1751,0
1799,0
1827,0
1849,0
1868,0
1873,0
1894,0
1938,0
1957,0
1977,0
2008,0
2024,0
2045,0
2055,0
2109,0
2115,0
2119,0
2150,0
2155,0
2159,0
2173,0
2181,0
2187,0
2203,0
2209,0
2220,0
2239,0
2252,0
2263,0
2270,0
2292,0
2297,0
2302,0
2330,0
2336,0
2349,0
2358,0
2363,0
2379,0
2400,0
2405,0
2446,0
2458,0
2489,0
2527,0
2533,0
2538,0
2556,0
2589,0
2594,0
2599,0
2609,0
2623,0
2634,0
2659,0
2688,0
2717,0
2721,0
2725,0
2752,0
2759,0
2776,0
2781,0
2786,0
2802,0
2807,0
2838,0
2845,0
2850,0
2857,0
2869,0
2889,0
2893,0
2897,0
2906,0
2926,0
2932,0
2975,0
3020,0
3041,0
3055,0
3059,0
3069,0
3078,0
3084,0
3089,0
3103,0
3129,0
3142,0
3155,0
3214,0
3222,0
3228,0
3283,0
3291,0
3314,0
3349,0
3370,0
3375,0
3404,0
3411,0
3427,0
3453,0
3458,0
3484,0
3493,0
3502,0
3507,0
3517,0
3529,0
3553,0
3558,0
3568,0
3578,0
3628,0
3664,0
3676,0
3690,0
3702,0
3706,0
3710,0
3733,0
3742,0
3759,0
3773,0
3781,0
3790,0
3796,0
3804,0
3815,0
3841,0
3866,0
3871,0
3879,0
3888,0
3894,0
3902,0
3906,0
3918,0
3930,0
3934,0
3945,0
3953,0
3977,0
3981,0
3993,0
4005,0
4018,0
4028,0
4037,0
4051,0
4056,0
4061,0
4073,0
4089,0
4097,0
4114,0
4118,0
4127,0
4138,0
4151,0
4166,0
4191,0
4196,0
4200,0
4204,0
4210,0
4249,0
4254,0
4259,0
4264,0
4350,0
4387,0
4402,0
4419,0
4464,0
4474,0
4520,0
4530,0
4541,0
4548,0
4585,0
4599,0
4622,0
4626,0
4641,0
4649,0
4662,0
4668,0
4696,0
4700,0
4739,0
4752,0
4761,0
4771,0
4775,0
4796,0
4825,0
4829,0
4881,0
4889,0
4893,0
4904,0
4922,0
4951,0
4982,0
4986,0
4996,0
5013,0
5019,0
5032,0
5036,0
5053,0
5073,0
5103,0
5116,0
5132,0
5151,0
5178,0
5195,0
5204,0
5219,0
5239,0
5257,0
5272,0
5296,0
5305,0
5317,0
5354,0
5365,0
5397,0
5406,0
5410,0
5414,0
5418,0
5422,0
5432,0
5441,0
5449,0
5473,0
5477,0
5485,0
5512,0
5518,0
5536,0
5557,0
5562,0
5576,0
5603,0
5613,0
5627,0
5643,0
5654,0
5666,0
5671,0
5685,0
5701,0
5706,0
5710,0
5715,0
5747,0
5757,0
5769,0
5791,0
5796,0
5806,0
5817,0
5831,0
5840,0
5846,0
5857,0
5884,0
5896,0
5953,0
5970,0
5974,0
5990,0
6014,0
6019,0
6101,0
6109,0
6146,0
6170,0
6201,0
6205,0
6243,0
6249,0
6254,0
6264,0
6271,0
6275,0
6281,0
6299,0
6325,0
6329,0
6345,0
6367,0
6384,0
6390,0
6401,0
6405,0
6417,0
6422,0
6441,0
6450,0
6496,0
6506,0
6511,0
6529,0
6556,0
6565,0
6569,0
6573,0
6584,0
6602,0
6608,0
6613,0
6632,0
6670,0
6688,0
6705,0
6711,0
6731,0
6742,0
6760,0
6767,0
6777,0
6795,0
6810,0
6851,0
6859,0
6883,0
6893,0
6924,0
6942,0
6976,0
6992,0
7005,0
7035,0
7041,0
7045,0
7056,0
7060,0
7090,0
7114,0
7126,0
7130,0
7134,0
7159,0
7164,0
7186,0
7210,0
7220,0
7228,0
7241,0
7265,0
7271,0
7280,0
7286,0
7298,0
7313,0
7330,0
7343,0
7358,0
7377,0
7381,0
7390,0
7411,0
7419,0
7423,0
7438,0
7444,0
7469,0
7499,0
7536,0
7541,0
7551,0
7557,0
7569,0
7579,0
7583,0
7592,0
7602,0
7618,0
7623,0
7643,0
7662,0
7673,0
7678,0
7701,0
7718,0
7742,0
7747,0
7752,0
7761,0
7791,0
7800,0
7804,0
7814,0
7835,0
7840,0
7846,0
7888,0
7910,0
7944,0
7964,0
7979,0
7999,0
8024,0
8029,0
8045,0
8055,0
8067,0
8082,0
8099,0
8104,0
8121,0
8141,0
8169,0
8198,0
8229,0
8234,0
8252,0
8268,0
8274,0
8279,0
8299,0
8323,0
8329,0
8380,0
8386,0
8395,0
8399,0
8403,0
8422,0
8433,0
8442,0
8501,0
8508,0
8532,0
8537,0
8561,0
8572,0
8578,0
8584,0
8607,0
8628,0
8651,0
8657,0
8706,0
8710,0
8715,0
8727,0
8751,0
8779,0
8784,0
8789,0
8825,0
8831,0
8867,0
8892,0
8907,0
8932,0
8948,0
8953,0
8978,0
9015,0
9024,0
9042,0
9051,0
9070,0
9121,0
9131,0
9135,0
9143,0
9157,0
9164,0
9175,0
9187,0
9213,0
9233,0
9244,0
9268,0
9277,0
9281,0
9293,0
9320,0
9368,0
9391,0
9400,0
9428,0
9437,0
9450,0
9468,0
9478,0
9504,0
9510,0
9514,0
9540,0
9565,0
9604,0
9633,0
9638,0
9642,0
9648,0
9661,0
9680,0
9688,0
9692,0
9696,0
9710,0
9714,0
9733,0
9756,0
9763,0
9774,0
9785,0
9809,0
9830,0
9840,0
9901,0
9929,0
9951,0
9955,0
9959,0
9994,0
10004,0
10035,0
10095,0
10106,0
10111,0
10130,0
10151,0
10157,0
10175,0
10185,0
10225,0
10231,0
10240,0
10250,0
10255,0
10289,0
10293,0
10300,0
10314,0
10377,0
10398,0
10428,0
10441,0
10451,0
10471,0
10498,0
10513,0
10529,0
10535,0
10544,0
10561,0
10598,0
10607,0
10612,0
10616,0
10626,0
10664,0
10670,0
10683,0
10688,0
10693,0
10704,0
10708,0
10714,0
10718,0
10722,0
10731,0
10754,0
10763,0
10774,0
10784,0
10806,0
10811,0
10832,0
10848,0
10864,0
10869,0
10927,0
10939,0
10943,0
10962,0
10975,0
11017,0
11028,0
11039,0
11048,0
11052,0
11067,0
11101,0
11105,0
11123,0
11132,0
11137,0
11141,0
11151,0
11167,0
11186,0
11223,0
11240,0
11260,0
11264,0
11272,0
11281,0
11286,0
11291,0
11313,0
11331,0
11363,0
11376,0
11409,0
11424,0
11434,0
11448,0
11457,0
11475,0
11503,0
11510,0
11518,0
11533,0
11565,0
11629,0
11634,0
11660,0
11666,0
11691,0
11705,0
11710,0
11724,0
11744,0
11758,0
11762,0
11768,0
11773,0
11798,0
11815,0
11855,0
11859,0
11868,0
11895,0
11913,0
11923,0
11941,0
11947,0
11988,0
12004,0
12031,0
12037,0
12046,0
12080,0
12089,0
12093,0
12109,0
12119,0
12123,0
12140,0
12163,0
12204,0
12209,0
12223,0
12239,0
12252,0
12267,0
12277,0
12299,0
12314,0
12326,0
12345,0
12375,0
12386,0
12424,0
12444,0
12454,0
12480,0
12484,0
12489,0
12533,0
12546,0
12575,0
12610,0
12627,0
12631,0
12677,0
12693,0
12720,0
12762,0
12773,0
12788,0
12794,0
12805,0
12814,0
12825,0
12835,0
12861,0
12867,0
12872,0
12877,0
12887,0
12896,0
12911,0
12935,0
12958,0
13002,0
13068,0
13115,0
13134,0
13151,0
13160,0
13171,0
13175,0
13194,0
13198,0
13208,0
13221,0
13233,0
13241,0
13274,0
13311,0
13327,0
13354,0
13362,0
13372,0
13413,0
13433,0
13445,0
13449,0
13464,0
13480,0
13493,0
13497,0
13508,0
13523,0
13527,0
13540,0
13544,0
13585,0
13591,0
13599,0
13611,0
13640,0
13645,0
13652,0
13658,0
13683,0
13717,0
13739,0
13749,0
13768,0
13780,0
13784,0
13789,0
13820,0
13878,0
13921,0
13931,0
13975,0
14002,0
14007,0
14018,0
14053,0
14079,0
14084,0
14089,0
14126,0
14136,0
14140,0
14161,0
14174,0
14187,0
14200,0
14206,0
14274,0
14281,0
14300,0
14309,0
14337,0
14341,0
14373,0
14394,0
14402,0
14458,0
14467,0
14511,0
14516,0
14536,0
14547,0
14564,0
14579,0
14585,0
14591,0
14597,0
14624,0
14640,0
14644,0
14655,0
14660,0
14705,0
14721,0
14745,0
14763,0
14768,0
14783,0
14811,0
14821,0
14829,0
14871,0
14879,0
14895,0
14953,0
14960,0
14964,0
14980,0
14989,0
14998,0
15007,0
15040,0
15059,0
15070,0
15080,0
15122,0
15171,0
15184,0
15203,0
15215,0
15229,0
15266,0
15278,0
15285,0
15301,0
15337,0
15392,0
15400,0
15406,0
15435,0
15464,0
15468,0
15478,0
15498,0
15502,0
15543,0
15563,0
15580,0
15591,0
15603,0
15618,0
15623,0
15629,0
15634,0
15666,0
15682,0
15687,0
15700,0
15704,0
15708,0
15712,0
15725,0
15749,0
15753,0
15803,0
15817,0
15821,0
15825,0
15834,0
15858,0
15885,0
15900,0
15911,0
15915,0
15923,0
15944,0
15950,0
15974,0
15998,0
16028,0
16056,0
16074,0
16079,0
16090,0
16096,0
16128,0
16132,0
16187,0
16204,0
16213,0
16229,0
16240,0
16245,0
16286,0
16319,0
16323,0
16373,0
16378,0
16422,0
16438,0
16454,0
16471,0
16483,0
16508,0
16543,0
16547,0
16605,0
16636,0
16662,0
16683,0
16688,0
16719,0
16736,0
16741,0
16758,0
16767,0
16807,0
16811,0
16821,0
16837,0
16846,0
16866,0
16878,0
16894,0
16901,0
16907,0
16912,0
16917,0
16933,0
16949,0
16995,0
17000,0
17005,0
17009,0
17031,0
17082,0
17086,0
17090,0
17094,0
17140,0
17220,0
17267,0
17293,0
17298,0
17307,0
17317,0
17325,0
17339,0
17355,0
17379,0
17411,0
17442,0
17457,0
17462,0
17493,0
17507,0
17517,0
17523,0
17570,0
17579,0
17584,0
17607,0
17625,0
17654,0
17689,0
17710,0
17715,0
17719,0
17723,0
17738,0
17756,0
17777,0
17782,0
17799,0
17811,0
17831,0
17852,0
17892,0
17897,0
17903,0
17913,0
17931,0
17943,0
17947,0
17952,0
17961,0
17995,0
18032,0
18079,0
18083,0
18108,0
18116,0
18138,0
18159,0
18177,0
18188,0
18200,0
18217,0
18233,0
18239,0
18268,0
18288,0
18299,0
18303,0
18307,0
18320,0
18340,0
18354,0
18415,0
18438,0
18442,0
18446,0
18465,0
18469,0
18480,0
18488,0
18492,0
18501,0
18521,0
18530,0
18534,0
18543,0
18549,0
18565,0
18616,0
18621,0
18625,0
18635,0
18658,0
18664,0
18668,0
18679,0
18696,0
18700,0
18720,0
18746,0
18751,0
18771,0
18786,0
18797,0
18825,0
18846,0
18855,0
18869,0
18873,0
18877,0
18886,0
18895,0
18900,0
18918,0
18965,0
18970,0
18974,0
18982,0
18992,0
18997,0
19023,0
19029,0
19033,0
19041,0
19051,0
19057,0
19061,0
19065,0
19086,0
19113,0
19126,0
19152,0
19164,0
19178,0
19196,0
19243,0
19259,0
19268,0
19272,0
19321,0
19330,0
19335,0
19355,0
19383,0
19409,0
19413,0
19422,0
19504,0
19508,0
19515,0
19520,0
19552,0
19561,0
19625,0
19651,0
19671,0
19677,0
19693,0
19699,0
19708,0
19718,0
19723,0
19728,0
19736,0
19741,0
19765,0
19780,0
19805,0
19816,0
19825,0
19846,0
19883,0
19887,0
19903,0
19914,0
19938,0
19944,0
19958,0
19963,0
20002,0
20008,0
20051,0
20055,0
20069,0
20074,0
20081,0
20091,0
20096,0
20136,0
20196,0
20214,0
20251,0
20263,0
20322,0
20327,0
20332,0
20339,0
20352,0
20387,0
20415,0
20447,0
20504,0
20509,0
20527,0
20541,0
20581,0
20605,0
20609,0
20615,0
20626,0
20630,0
20635,0
20646,0
20664,0
20677,0
20683,0
20724,0
20740,0
20750,0
20767,0
20772,0
20806,0
20869,0
20875,0
20901,0
20943,0
20947,0
20965,0
20969,0
20982,0
21007,0
21021,0
21038,0
21053,0
21066,0
21095,0
21180,0
21203,0
21208,0
21224,0
21232,0
21261,0
21281,0
21285,0
21319,0
21361,0
21366,0
21374,0
21411,0
21454,0
21458,0
21467,0
21471,0
21485,0
21494,0
21503,0
21522,0
21552,0
21564,0
21576,0
21604,0
21654,0
21671,0
21752,0
21762,0
21766,0
21772,0
21780,0
21793,0
21804,0
21810,0
21830,0
21842,0
21853,0
21861,0
21871,0
21877,0
21881,0
21900,0
21905,0
21910,0
21937,0
21945,0
21958,0
21963,0
21985,0
22027,0
22054,0
22058,0
22115,0
22121,0
22135,0
22146,0
22167,0
22173,0
22179,0
22183,0
22197,0
22206,0
22210,0
22218,0
22231,0
22247,0
22269,0
22275,0
22300,0
22346,0
22350,0
22371,0
22393,0
22402,0
22407,0
22436,0
22448,0
22462,0
22480,0
22524,0
22529,0
22535,0
22547,0
22556,0
22561,0
22574,0
22609,0
22626,0
22631,0
22635,0
22646,0
22662,0
22689,0
22695,0
22700,0
22723,0
22730,0
22735,0
22760,0
22771,0
22796,0
22806,0
22815,0
22858,0
22867,0
22894,0
22908,0
22918,0
22940,0
22952,0
22980,0
22990,0
23025,0
23060,0
23064,0
23074,0
23105,0
23111,0
23144,0
23165,0
23169,0
23180,0
23190,0
23207,0
23217,0
23246,0
23252,0
23296,0
23308,0
23313,0
23318,0
23324,0
23343,0
23348,0
23354,0
23389,0
23397,0
23417,0
23425,0
23450,0
23465,0
23475,0
23479,0
23526,0
23539,0
23569,0
23585,0
23609,0
23626,0
23645,0
23680,0
23684,0
23688,0
23695,0
23713,0
23721,0
23725,0
23730,0
23754,0
23797,0
23811,0
23821,0
23844,0
23855,0
23866,0
23884,0
23896,0
23902,0
23908,0
23916,0
23926,0
23935,0
23939,0
23953,0
23979,0
23995,0
24008,0
24019,0
24031,0
24039,0
24045,0
24055,0
24144,0
24181,0
24193,0
24197,0
24208,0
24235,0
24249,0
24258,0
24267,0
24286,0
24302,0
24315,0
24330,0
24339,0
24376,0
24442,0
24458,0
24505,0
24519,0
24524,0
24557,0
24562,0
24571,0
24615,0
24621,0
24650,0
24672,0
24699,0
24710,0
24728,0
24734,0
24739,0
24744,0
24753,0
24783,0
24792,0
24796,0
24836,0
24840,0
24849,0
24928,0
24939,0
24943,0
24967,0
24996,0
25030,0
25043,0
25053,0
25083,0
25100,0
25106,0
25162,0
25166,0
25170,0
25190,0
25199,0
25203,0
25282,0
25286,0
25320,0
25337,0
25342,0
25362,0
25373,0
25377,0
25382,0
25405,0
25423,0
25433,0
25442,0
25459,0
25465,0
25471,0
25477,0
25528,0
25564,0
25570,0
25608,0
25617,0
25627,0
25646,0
25658,0
25664,0
25726,0
25736,0
25753,0
25776,0
25795,0
25814,0
25818,0
25833,0
25855,0
25860,0
25864,0
25877,0
25882,0
25891,0
25895,0
25906,0
25915,0
25921,0
25941,0
25957,0
25961,0
25986,0
26022,0
26034,0
26077,0
26086,0
26094,0
26111,0
26115,0
26119,0
26154,0
26162,0
26178,0
26191,0
26226,0
26243,0
26248,0
26265,0
26323,0
26342,0
26351,0
26358,0
26369,0
26375,0
26387,0
26392,0
26397,0
26412,0
26420,0
26439,0
26451,0
26485,0
26523,0
26538,0
26572,0
26576,0
26581,0
26636,0
26651,0
26655,0
26659,0
26663,0
26693,0
26717,0
26721,0
26735,0
26758,0
26792,0
26796,0
26805,0
26817,0
26823,0
26852,0
26870,0
26898,0
26924,0
26978,0
26989,0
27008,0
27014,0
27030,0
27035,0
27044,0
27076,0
27101,0
27120,0
27125,0
27138,0
27163,0
27200,0
27208,0
27228,0
27254,0
27275,0
27279,0
27285,0
27289,0
27298,0
27321,0
27332,0
27357,0
27362,0
27367,0
27377,0
27391,0
27426,0
27438,0
27445,0
27464,0
27473,0
27477,0
27484,0
27494,0
27516,0
27528,0
27534,0
27548,0
27566,0
27589,0
27594,0
27627,0
27641,0
27645,0
27667,0
27682,0
27695,0
27700,0
27714,0
27722,0
27727,0
27731,0
27735,0
27739,0
27743,0
27764,0
27776,0
27780,0
27786,0
27799,0
27813,0
27862,0
27866,0
27880,0
27890,0
27903,0
27926,0
27946,0
27954,0
27983,0
27997,0
28017,0
28026,0
28043,0
28055,0
28062,0
28102,0
28106,0
28113,0
28119,0
28126,0
28135,0
28148,0
28164,0
28176,0
28188,0
28217,0
28221,0
28263,0
28272,0
28276,0
28282,0
28315,0
28369,0
28387,0
28400,0
28408,0
28422,0
28436,0
28482,0
28496,0
28500,0
28505,0
28534,0
28546,0
28586,0
28620,0
28673,0
28677,0
28713,0
28722,0
28727,0
28761,0
28776,0
28781,0
28799,0
28808,0
28858,0
28862,0
28891,0
28897,0
28946,0
28952,0
28957,0
28983,0
28999,0
29003,0
29016,0
29026,0
29047,0
29068,0
29073,0
29080,0
29090,0
29113,0
29141,0
29145,0
29164,0
29173,0
29196,0
29261,0
29269,0
29274,0
29284,0
29334,0
29344,0
29354,0
29398,0
29409,0
29413,0
29430,0
29439,0
29451,0
29455,0
29468,0
29501,0
29536,0
29551,0
29579,0
29584,0
29591,0
29595,0
29600,0
29618,0
29632,0
29645,0
29661,0
29680,0
29706,0
29720,0
29724,0
29730,0
29755,0
29766,0
29772,0
29783,0
29793,0
29802,0
29830,0
29869,0
29878,0
29928,0
29936,0
29982,0
29990,0
30026,0
30040,0
30048,0
30072,0
30077,0
30083,0
30121,0
30127,0
30149,0
30189,0
30194,0
30198,0
30244,0
30265,0
30314,0
30327,0
30343,0
30351,0
30361,0
30367,0
30374,0
30379,0
30426,0
30445,0
30471,0
30476,0
30505,0
30546,0
30560,0
30565,0
30572,0
30577,0
30592,0
30609,0
30622,0
30634,0
30655,0
30661,0
30676,0
30685,0
30701,0
30705,0
30709,0
30749,0
30758,0
30768,0
30785,0
30806,0
30844,0
30863,0
30870,0
30911,0
30940,0
30964,0
30992,0
31027,0
31035,0
31047,0
31067,0
31077,0
31090,0
31094,0
31117,0
31132,0
31136,0
31140,0
31148,0
31152,0
31156,0
31161,0
31169,0
31186,0
31220,0
31236,0
31252,0
31268,0
31282,0
31287,0
31299,0
31310,0
31320,0
31335,0
31347,0
31358,0
31364,0
31369,0
31380,0
31385,0
31390,0
31400,0
31434,0
31448,0
31464,0
31509,0
31538,0
31545,0
31580,0
31587,0
31594,0
31602,0
31606,0
31634,0
31680,0
31686,0
31698,0
31717,0
31738,0
31747,0
31766,0
31793,0
31798,0
31804,0
31819,0
31848,0
31858,0
31874,0
31885,0
31900,0
31957,0
31969,0
31978,0
31996,0
32011,0
32017,0
32026,0
32064,0
32070,0
32102,0
32118,0
32122,0
32127,0
32152,0
32167,0
32219,0
32238,0
32250,0
32302,0
32331,0
32351,0
32375,0
32384,0
32394,0
32402,0
32407,0
32414,0
32437,0
32455,0
32461,0
32472,0
32520,0
32542,0
32551,0
32581,0
32591,0
32597,0
32602,0
32625,0
32646,0
32650,0
32656,0
32678,0
32693,0
32720,0
32726,0
32756,0
32760,0
32765,0
32774,0
32785,0
32804,0
32818,0
32833,0
32837,0
32842,0
32860,0
32871,0
32897,0
32933,0
32968,0
32993,0
33002,0
33013,0
33017,0
33021,0
33032,0
33059,0
33076,0
33103,0
33127,0
33132,0
33139,0
33161,0
33167,0
33172,0
33176,0
33214,0
33240,0
33262,0
33269,0
33274,0
33297,0
33366,0
33377,0
33389,0
33418,0
33430,0
33439,0
33453,0
33458,0
33474,0
33532,0
33542,0
33553,0
33570,0
33602,0
33610,0
33615,0
33634,0
33673,0
33678,0
33709,0
33727,0
33733,0
33742,0
33765,0
33770,0
33774,0
33792,0
33798,0
33806,0
33810,0
33846,0
33872,0
33879,0
33901,0
33926,0
33955,0
33960,0
33965,0
33977,0
33982,0
34006,0
34025,0
34039,0
34076,0
34084,0
34092,0
34097,0
34102,0
34110,0
34120,0
34133,0
34148,0
34166,0
34176,0
34192,0
34197,0
34207,0
34237,0
34242,0
34251,0
34277,0
34282,0
34293,0
34297,0
34334,0
34354,0
34364,0
34385,0
34389,0
34420,0
34426,0
34436,0
34440,0
34446,0
34505,0
34523,0
34529,0
34559,0
34569,0
34599,0
34606,0
34613,0
34635,0
34649,0
34654,0
34659,0
34670,0
34719,0
34728,0
34754,0
34758,0
34768,0
34799,0
34808,0
34813,0
34840,0
34844,0
34849,0
34880,0
34905,0
34914,0
34919,0
34934,0
34939,0
34943,0
34952,0
34961,0
34993,0
34998,0
35019,0
35049,0
35054,0
35061,0
35066,0
35078,0
35135,0
35167,0
35197,0
35233,0
35265,0
35270,0
35274,0
35285,0
35307,0
35362,0
35376,0
35389,0
35395,0
35414,0
35425,0
35450,0
35475,0
35479,0
35491,0
35511,0
35515,0
35526,0
35573,0
35582,0
35610,0
35615,0
35623,0
35664,0
35668,0
35715,0
35744,0
35757,0
35772,0
35776,0
35792,0
35836,0
35857,0
35867,0
35877,0
35888,0
35905,0
35911,0
35936,0
35940,0
35944,0
35948,0
35952,0
35957,0
35978,0
36004,0
36018,0
36023,0
36037,0
36041,0
36064,0
36078,0
36083,0
36090,0
36103,0
36150,0
36163,0
36167,0
36176,0
36184,0
36191,0
36199,0
36209,0
36221,0
36227,0
36233,0
36244,0
36250,0
36268,0
36273,0
36284,0
36293,0
36297,0
36324,0
36361,0
36391,0
36395,0
36400,0
36410,0
36447,0
36466,0
36475,0
36490,0
36539,0
36553,0
36564,0
36568,0
36627,0
36659,0
36689,0
36693,0
36703,0
36715,0
36719,0
36738,0
36742,0
36748,0
36753,0
36764,0
36769,0
36784,0
36794,0
36835,0
36855,0
36883,0
36904,0
36920,0
36925,0
36962,0
36982,0
36992,0
37001,0
37038,0
37043,0
37069,0
37089,0
37116,0
37120,0
37128,0
37132,0
37139,0
37143,0
37147,0
37156,0
37161,0
37170,0
37192,0
37207,0
37272,0
37298,0
37355,0
37374,0
37388,0
37398,0
37403,0
37409,0
37414,0
37421,0
37438,0
37467,0
37493,0
37509,0
37530,0
37536,0
37559,0
37583,0
37593,0
37611,0
37627,0
37631,0
37643,0
37672,0
37686,0
37704,0
37717,0
37732,0
37737,0
37760,0
37798,0
37802,0
37811,0
37822,0
37826,0
37847,0
37858,0
37870,0
37882,0
37887,0
37897,0
37904,0
37910,0
37939,0
37944,0
37956,0
37962,0
37982,0
38011,0
38032,0
38041,0
38057,0
38078,0
38089,0
38097,0
38110,0
38114,0
38121,0
38145,0
38169,0
38175,0
38210,0
38240,0
38257,0
38281,0
38293,0
38303,0
38320,0
38341,0
38353,0
38360,0
38368,0
38388,0
38405,0
38417,0
38458,0
38467,0
38491,0
38502,0
38508,0
38529,0
38537,0
38543,0
38557,0
38568,0
38584,0
38600,0
38605,0
38650,0
38722,0
38733,0
38739,0
38746,0
38760,0
38775,0
38812,0
38816,0
38828,0
38893,0
38905,0
38937,0
38942,0
38977,0
38982,0
38988,0
39006,0
39055,0
39060,0
39073,0
39083,0
39091,0
39095,0
39101,0
39120,0
39137,0
39142,0
39196,0
39202,0
39235,0
39248,0
39258,0
39277,0
39291,0
39301,0
39380,0
39389,0
39394,0
39404,0
39448,0
39458,0
39502,0
39506,0
39510,0
39528,0
39538,0
39566,0
39580,0
39601,0
39607,0
39624,0
39628,0
39668,0
39672,0
39681,0
39699,0
39703,0
39717,0
39726,0
39730,0
39735,0
39739,0
39743,0
39753,0
39782,0
39787,0
39795,0
39829,0
39839,0
39864,0
39870,0
39875,0
39886,0
39895,0
39904,0
39909,0
39930,0
39934,0
