11,0
50,0
77,0
55,0
104,0
117,0
7,0
100,0
134,0
147,0
149,0
163,0
29,0
187,0
210,0
146,0
222,0
235,0
245,0
248,0
261,0
277,0
287,0
291,0
35,0
315,0
327,0
338,0
349,0
355,0
371,0
405,0
423,0
428,0
461,0
478,0
497,0
502,0
506,0
526,0
567,0
571,0
601,0
608,0
613,0
632,0
702,0
728,0
736,0
748,0
773,0
777,0
781,0
799,0
808,0
838,0
842,0
846,0
891,0
895,0
904,0
908,0
936,0
963,0
967,0
983,0
993,0
998,0
1023,0
1047,0
1075,0
1081,0
1091,0
1095,0
1131,0
1135,0
1146,0
1151,0
1155,0
1161,0
1165,0
1174,0
1185,0
1202,0
1217,0
1221,0
1247,0
1258,0
1300,0
1324,0
1340,0
1362,0
1400,0
1417,0
1447,0
1455,0
1481,0
1486,0
1494,0
1513,0
1558,0
1562,0
1567,0
1628,0
1645,0
1650,0
1667,0
1698,0
1702,0
1706,0
1744,0
1748,0
1754,0
1769,0
1774,0
1788,0
1798,0
1808,0
1831,0
1835,0
1880,0
1885,0
1889,0
1895,0
1918,0
1926,0
1945,0
1959,0
1993,0
2005,0
2017,0
2022,0
2038,0
2061,0
2065,0
2084,0
2094,0
2111,0
2145,0
2149,0
2162,0
2196,0
2206,0
2215,0
2253,0
2262,0
2268,0
2309,0
2317,0
2329,0
2342,0
2366,0
2383,0
2387,0
2392,0
2408,0
2412,0
2417,0
2441,0
2448,0
2452,0
2465,0
2477,0
2482,0
2488,0
2494,0
2503,0
2532,0
2543,0
2547,0
2563,0
2577,0
2595,0
2601,0
2621,0
2629,0
2636,0
2645,0
2649,0
2664,0
2673,0
2698,0
2702,0
2706,0
2732,0
2804,0
2810,0
2819,0
2828,0
2832,0
2861,0
2912,0
2925,0
2937,0
2942,0
2969,0
2976,0
3047,0
3079,0
3112,0
3131,0
3153,0
3164,0
3168,0
3178,0
3190,0
3199,0
3203,0
3226,0
3231,0
3246,0
3250,0
3255,0
3267,0
3318,0
3323,0
3331,0
3335,0
3340,0
3348,0
3378,0
3391,0
3399,0
3462,0
3466,0
3511,0
3521,0
3546,0
3550,0
3556,0
3571,0
3581,0
3589,0
3603,0
3607,0
3613,0
3621,0
3634,0
3640,0
3656,0
3668,0
3761,0
3782,0
3825,0
3897,0
3908,0
3920,0
3944,0
3965,0
3972,0
3986,0
3991,0
4001,0
4030,0
4036,0
4060,0
4084,0
4096,0
4101,0
4139,0
4165,0
4177,0
4208,0
4250,0
4267,0
4289,0
4294,0
4298,0
4306,0
4311,0
4322,0
4356,0
4410,0
4415,0
4421,0
4432,0
4436,0
4446,0
4480,0
4485,0
4507,0
4521,0
4544,0
4554,0
4559,0
4572,0
4587,0
4592,0
4640,0
4645,0
4660,0
4671,0
4676,0
4712,0
4753,0
4759,0
4767,0
4784,0
4811,0
4821,0
4885,0
4910,0
4915,0
4925,0
4940,0
4969,0
4974,0
4978,0
4995,0
5006,0
5016,0
5027,0
5045,0
5049,0
5076,0
5100,0
5120,0
5131,0
5146,0
5152,0
5158,0
5176,0
5224,0
5229,0
5238,0
5255,0
5261,0
5266,0
5284,0
5308,0
5326,0
5346,0
5355,0
5387,0
5395,0
5453,0
5487,0
5497,0
5510,0
5534,0
5551,0
5567,0
5581,0
5604,0
5631,0
5640,0
5656,0
5674,0
5679,0
5684,0
5702,0
5716,0
5740,0
5756,0
5761,0
5788,0
5797,0
5811,0
5818,0
5849,0
5880,0
5914,0
5923,0
5932,0
5941,0
5946,0
5950,0
5965,0
6009,0
6015,0
6030,0
6034,0
6038,0
6082,0
6087,0
6108,0
6113,0
6138,0
6169,0
6185,0
6213,0
6217,0
6222,0
6227,0
6236,0
6240,0
6251,0
6261,0
6270,0
6285,0
6289,0
6300,0
6337,0
6343,0
6365,0
6392,0
6407,0
6418,0
6445,0
6460,0
6464,0
6493,0
6518,0
6522,0
6540,0
6578,0
6583,0
6597,0
6626,0
6641,0
6647,0
6651,0
6680,0
6690,0
6707,0
6739,0
6748,0
6758,0
6765,0
6786,0
6809,0
6819,0
6825,0
6834,0
6854,0
6858,0
6879,0
6897,0
6917,0
6934,0
6958,0
6967,0
6972,0
6987,0
7000,0
7006,0
7019,0
7061,0
7095,0
7121,0
7166,0
7177,0
7191,0
7196,0
7208,0
7234,0
7243,0
7261,0
7267,0
7275,0
7293,0
7307,0
7328,0
7334,0
7351,0
7382,0
7401,0
7460,0
7464,0
7503,0
7510,0
7526,0
7531,0
7542,0
7548,0
7560,0
7606,0
7614,0
7669,0
7685,0
7689,0
7694,0
7719,0
7728,0
7732,0
7778,0
7786,0
7831,0
7844,0
7854,0
7863,0
7900,0
7905,0
7911,0
7933,0
7948,0
7953,0
7965,0
7977,0
7990,0
8002,0
8006,0
8014,0
8035,0
8046,0
8059,0
8076,0
8094,0
8109,0
8155,0
8162,0
8166,0
8172,0
8202,0
8217,0
8222,0
8231,0
8237,0
8245,0
8251,0
8256,0
8260,0
8285,0
8300,0
8320,0
8339,0
8373,0
8378,0
8416,0
8437,0
8444,0
8522,0
8526,0
8565,0
8570,0
8586,0
8594,0
8619,0
8633,0
8645,0
8652,0
8667,0
8684,0
8688,0
8692,0
8703,0
8777,0
8797,0
8809,0
8822,0
8834,0
8850,0
8855,0
8881,0
8891,0
8923,0
8927,0
8943,0
8970,0
8998,0
9007,0
9022,0
9032,0
9038,0
9055,0
9068,0
9074,0
9078,0
9106,0
9117,0
9123,0
9160,0
9176,0
9181,0
9217,0
9231,0
9236,0
9265,0
9271,0
9283,0
9287,0
9295,0
9308,0
9337,0
9366,0
9382,0
9390,0
9441,0
9445,0
9449,0
9539,0
9548,0
9558,0
9580,0
9596,0
9620,0
9647,0
9663,0
9667,0
9726,0
9736,0
9745,0
9749,0
9754,0
9764,0
9769,0
9788,0
9793,0
9808,0
9814,0
9824,0
9828,0
9834,0
9862,0
9868,0
9883,0
9919,0
9933,0
9948,0
9978,0
9983,0
9988,0
9999,0
10006,0
10010,0
10031,0
10061,0
10073,0
10084,0
10092,0
10108,0
10135,0
10139,0
10152,0
10163,0
10168,0
10192,0
10208,0
10218,0
10232,0
10237,0
10245,0
10252,0
10261,0
10265,0
10278,0
10286,0
10301,0
10330,0
10335,0
10357,0
10379,0
10383,0
10393,0
10412,0
10429,0
10447,0
10458,0
10467,0
10504,0
10508,0
10515,0
10533,0
10538,0
10550,0
10572,0
10582,0
10586,0
10594,0
10645,0
10654,0
10676,0
10681,0
10689,0
10713,0
10742,0
10748,0
10752,0
10775,0
10800,0
10810,0
10854,0
10882,0
10889,0
10907,0
10912,0
10945,0
10958,0
10982,0
10991,0
11000,0
11016,0
11022,0
11026,0
11043,0
11047,0
11077,0
11090,0
11149,0
11160,0
11180,0
11191,0
11196,0
11201,0
11218,0
11230,0
11250,0
11254,0
11274,0
11295,0
11333,0
11337,0
11351,0
11369,0
11373,0
11378,0
11400,0
11414,0
11438,0
11453,0
11459,0
11472,0
11486,0
11531,0
11539,0
11569,0
11575,0
11587,0
11597,0
11601,0
11624,0
11658,0
11667,0
11714,0
11728,0
11740,0
11745,0
11749,0
11755,0
11767,0
11791,0
11803,0
11812,0
11875,0
11922,0
11928,0
11938,0
11977,0
11989,0
11998,0
12009,0
12022,0
12036,0
12044,0
12049,0
12054,0
12060,0
12064,0
12068,0
12074,0
12099,0
12105,0
12124,0
12128,0
12166,0
12180,0
12189,0
12193,0
12197,0
12210,0
12232,0
12238,0
12266,0
12285,0
12316,0
12321,0
12332,0
12344,0
12355,0
12359,0
12366,0
12370,0
12409,0
12417,0
12429,0
12434,0
12442,0
12472,0
12516,0
12531,0
12577,0
12669,0
12680,0
12685,0
12692,0
12718,0
12747,0
12777,0
12813,0
12819,0
12829,0
12839,0
12854,0
12865,0
12870,0
12875,0
12884,0
12893,0
12905,0
12925,0
12966,0
12989,0
12999,0
13009,0
13018,0
13039,0
13044,0
13049,0
13083,0
13113,0
13118,0
13122,0
13131,0
13136,0
13140,0
13145,0
13170,0
13220,0
13226,0
13231,0
13277,0
13282,0
13288,0
13297,0
13318,0
13331,0
13344,0
13378,0
13383,0
13390,0
13395,0
13399,0
13404,0
13438,0
13450,0
13465,0
13469,0
13507,0
13513,0
13521,0
13535,0
13556,0
13579,0
13586,0
13604,0
13624,0
13642,0
13663,0
13668,0
13672,0
13682,0
13694,0
13699,0
13708,0
13714,0
13728,0
13732,0
13736,0
13760,0
13764,0
13788,0
13803,0
13807,0
13813,0
13817,0
13828,0
13841,0
13856,0
13867,0
13872,0
13877,0
13888,0
13893,0
13903,0
13918,0
13935,0
13945,0
13950,0
13954,0
14017,0
14023,0
14027,0
14036,0
14046,0
14066,0
14072,0
14085,0
14100,0
14125,0
14149,0
14186,0
14193,0
14197,0
14202,0
14224,0
14240,0
14257,0
14265,0
14283,0
14291,0
14302,0
14317,0
14328,0
14381,0
14387,0
14391,0
14420,0
14431,0
14453,0
14470,0
14504,0
14515,0
14520,0
14526,0
14548,0
14552,0
14582,0
14588,0
14594,0
14613,0
14629,0
14638,0
14645,0
14649,0
14685,0
14736,0
14764,0
14781,0
14786,0
14799,0
14813,0
14828,0
14884,0
14896,0
14914,0
14919,0
14932,0
14942,0
14952,0
14973,0
14991,0
15009,0
15038,0
15048,0
15083,0
15119,0
15145,0
15154,0
15159,0
15170,0
15175,0
15201,0
15210,0
15216,0
15232,0
15275,0
15316,0
15321,0
15333,0
15376,0
15390,0
15395,0
15407,0
15416,0
15421,0
15440,0
15456,0
15463,0
15495,0
15533,0
15557,0
15569,0
15574,0
15579,0
15587,0
15605,0
15625,0
15638,0
15658,0
15663,0
15669,0
15692,0
15719,0
15727,0
15744,0
15748,0
15756,0
15778,0
15791,0
15797,0
15804,0
15815,0
15839,0
15846,0
15867,0
15886,0
15894,0
15910,0
15928,0
15941,0
15952,0
15960,0
15994,0
16000,0
16008,0
16014,0
16018,0
16023,0
16057,0
16061,0
16069,0
16073,0
16081,0
16088,0
16113,0
16117,0
16123,0
16145,0
16149,0
16159,0
16179,0
16189,0
16195,0
16216,0
16251,0
16255,0
16262,0
16287,0
16334,0
16344,0
16349,0
16371,0
16379,0
16434,0
16449,0
16462,0
16473,0
16480,0
16489,0
16497,0
16502,0
16506,0
16516,0
16539,0
16550,0
16554,0
16601,0
16615,0
16620,0
16625,0
16658,0
16663,0
16687,0
16692,0
16700,0
16704,0
16708,0
16727,0
16732,0
16748,0
16752,0
16762,0
16768,0
16790,0
16797,0
16801,0
16827,0
16844,0
16871,0
16875,0
16890,0
16896,0
16902,0
16914,0
16947,0
16959,0
16977,0
16985,0
16990,0
16999,0
17012,0
17026,0
17033,0
17045,0
17049,0
17054,0
17075,0
17098,0
17117,0
17130,0
17136,0
17141,0
17163,0
17176,0
17190,0
17204,0
17216,0
17226,0
17257,0
17263,0
17277,0
17281,0
17296,0
17328,0
17348,0
17365,0
17378,0
17389,0
17395,0
17412,0
17416,0
17425,0
17429,0
17454,0
17473,0
17479,0
17502,0
17533,0
17549,0
17585,0
17620,0
17629,0
17648,0
17657,0
17675,0
17705,0
17709,0
17729,0
17750,0
17761,0
17775,0
17791,0
17800,0
17841,0
17857,0
17867,0
17908,0
17925,0
17930,0
17935,0
17954,0
17962,0
17967,0
17971,0
17993,0
18002,0
18008,0
18039,0
18046,0
18063,0
18067,0
18105,0
18117,0
18150,0
18179,0
18232,0
18255,0
18265,0
18289,0
18309,0
18314,0
18318,0
18323,0
18332,0
18345,0
18364,0
18381,0
18396,0
18409,0
18424,0
18434,0
18447,0
18452,0
18520,0
18544,0
18554,0
18570,0
18587,0
18620,0
18628,0
18641,0
18646,0
18657,0
18662,0
18691,0
18703,0
18709,0
18731,0
18735,0
18765,0
18776,0
18799,0
18826,0
18830,0
18841,0
18859,0
18894,0
18909,0
18927,0
18980,0
19013,0
19019,0
19024,0
19048,0
19054,0
19066,0
19071,0
19076,0
19085,0
19114,0
19157,0
19166,0
19170,0
19190,0
19199,0
19206,0
19221,0
19229,0
19258,0
19282,0
19287,0
19303,0
19331,0
19381,0
19391,0
19403,0
19407,0
19418,0
19462,0
19475,0
19489,0
19510,0
19514,0
19562,0
19568,0
19608,0
19612,0
19654,0
19669,0
19676,0
19696,0
19701,0
19722,0
19742,0
19751,0
19756,0
19773,0
19836,0
19871,0
19877,0
19906,0
19910,0
19920,0
19925,0
19965,0
19999,0
20018,0
20034,0
20038,0
20046,0
20062,0
20067,0
20076,0
20084,0
20105,0
20130,0
20152,0
20167,0
20171,0
20178,0
20183,0
20195,0
20205,0
20210,0
20221,0
20235,0
20244,0
20261,0
20296,0
20308,0
20324,0
20351,0
20360,0
20380,0
20410,0
20424,0
20455,0
20474,0
20503,0
20525,0
20531,0
20538,0
20544,0
20548,0
20575,0
20591,0
20610,0
20638,0
20655,0
20670,0
20681,0
20694,0
20698,0
20702,0
20711,0
20741,0
20766,0
20777,0
20781,0
20827,0
20836,0
20841,0
20849,0
20861,0
20868,0
20880,0
20892,0
20904,0
20913,0
20922,0
20939,0
20950,0
20962,0
20977,0
20983,0
20988,0
20992,0
21003,0
21010,0
21020,0
21026,0
21069,0
21073,0
21077,0
21099,0
21104,0
21112,0
21116,0
21121,0
21132,0
21143,0
21147,0
21151,0
21219,0
21268,0
21297,0
21318,0
21329,0
21341,0
21360,0
21385,0
21398,0
21412,0
21418,0
21427,0
21439,0
21445,0
21449,0
21462,0
21488,0
21505,0
21515,0
21535,0
21557,0
21561,0
21567,0
21577,0
21590,0
21594,0
21610,0
21629,0
21645,0
21656,0
21663,0
21692,0
21714,0
21729,0
21733,0
21738,0
21790,0
21800,0
21813,0
21818,0
21865,0
21875,0
21891,0
21897,0
21913,0
21917,0
21921,0
21938,0
21960,0
21966,0
21979,0
21986,0
22012,0
22046,0
22061,0
22065,0
22074,0
22100,0
22141,0
22187,0
22230,0
22239,0
22248,0
22274,0
22293,0
22314,0
22326,0
22334,0
22351,0
22362,0
22376,0
22386,0
22395,0
22411,0
22417,0
22432,0
22439,0
22449,0
22506,0
22520,0
22527,0
22532,0
22538,0
22543,0
22564,0
22592,0
22596,0
22605,0
22625,0
22638,0
22660,0
22665,0
22698,0
22722,0
22736,0
22769,0
22783,0
22790,0
22794,0
22802,0
22844,0
22862,0
22869,0
22885,0
22893,0
22907,0
22913,0
22956,0
22973,0
22996,0
23011,0
23023,0
23031,0
23071,0
23077,0
23092,0
23097,0
23101,0
23126,0
23139,0
23159,0
23164,0
23176,0
23187,0
23202,0
23248,0
23310,0
23316,0
23322,0
23402,0
23412,0
23418,0
23427,0
23437,0
23474,0
23529,0
23537,0
23547,0
23564,0
23574,0
23602,0
23608,0
23659,0
23666,0
23673,0
23689,0
23696,0
23701,0
23718,0
23731,0
23736,0
23746,0
23760,0
23765,0
23786,0
23801,0
23806,0
23829,0
23835,0
23847,0
23852,0
23860,0
23901,0
23917,0
23940,0
23967,0
23973,0
23986,0
24010,0
24020,0
24034,0
24051,0
24057,0
24069,0
24106,0
24121,0
24133,0
24152,0
24189,0
24202,0
24216,0
24222,0
24236,0
24251,0
24268,0
24281,0
24303,0
24312,0
24352,0
24357,0
24385,0
24402,0
24418,0
24434,0
24457,0
24477,0
24492,0
24516,0
24523,0
24539,0
24548,0
24566,0
24576,0
24585,0
24593,0
24597,0
24618,0
24629,0
24646,0
24661,0
24689,0
24694,0
24698,0
24704,0
24711,0
24787,0
24812,0
24822,0
24855,0
24890,0
24910,0
24917,0
24936,0
24947,0
24956,0
24960,0
24988,0
24992,0
25018,0
25029,0
25034,0
25041,0
25056,0
25070,0
25076,0
25103,0
25118,0
25122,0
25131,0
25141,0
25198,0
25231,0
25242,0
25261,0
25277,0
25288,0
25299,0
25303,0
25319,0
25339,0
25353,0
25357,0
25361,0
25366,0
25403,0
25416,0
25427,0
25439,0
25469,0
25475,0
25504,0
25526,0
25560,0
25571,0
25576,0
25586,0
25605,0
25634,0
25650,0
25672,0
25687,0
25702,0
25744,0
25792,0
25798,0
25807,0
25825,0
25837,0
25846,0
25881,0
25899,0
25903,0
25918,0
25977,0
25982,0
25988,0
26018,0
26036,0
26047,0
26078,0
26089,0
26109,0
26120,0
26155,0
26170,0
26216,0
26220,0
26224,0
26235,0
26247,0
26256,0
26282,0
26291,0
26303,0
26308,0
26329,0
26341,0
26353,0
26359,0
26363,0
26389,0
26405,0
26443,0
26448,0
26483,0
26491,0
26501,0
26506,0
26518,0
26555,0
26568,0
26583,0
26631,0
26699,0
26706,0
26713,0
26777,0
26782,0
26787,0
26814,0
26820,0
26827,0
26848,0
26855,0
26862,0
26866,0
26891,0
26906,0
26941,0
26951,0
26961,0
26997,0
27009,0
27021,0
27037,0
27064,0
27070,0
27074,0
27079,0
27083,0
27089,0
27099,0
27119,0
27130,0
27153,0
27157,0
27162,0
27175,0
27206,0
27211,0
27220,0
27229,0
27249,0
27253,0
27274,0
27280,0
27306,0
27311,0
27315,0
27326,0
27372,0
27376,0
27389,0
27399,0
27408,0
27413,0
27418,0
27435,0
27440,0
27450,0
27479,0
27499,0
27508,0
27529,0
27559,0
27578,0
27585,0
27639,0
27654,0
27668,0
27674,0
27712,0
27720,0
27755,0
27772,0
27785,0
27790,0
27796,0
27805,0
27809,0
27826,0
27835,0
27851,0
27856,0
27888,0
27911,0
27929,0
27959,0
27963,0
27979,0
27984,0
27999,0
28003,0
28027,0
28032,0
28049,0
28056,0
28068,0
28114,0
28124,0
28156,0
28161,0
28180,0
28222,0
28238,0
28242,0
28246,0
28264,0
28286,0
28311,0
28322,0
28331,0
28357,0
28363,0
28375,0
28380,0
28409,0
28440,0
28450,0
28489,0
28495,0
28507,0
28513,0
28518,0
28537,0
28542,0
28561,0
28589,0
28612,0
28621,0
28642,0
28656,0
28695,0
28735,0
28764,0
28769,0
28774,0
28816,0
28824,0
28830,0
28879,0
28893,0
28941,0
28984,0
28997,0
29027,0
29036,0
29052,0
29062,0
29069,0
29102,0
29114,0
29136,0
29153,0
29165,0
29175,0
29187,0
29203,0
29207,0
29213,0
29235,0
29239,0
29260,0
29292,0
29296,0
29300,0
29316,0
29336,0
29351,0
29376,0
29380,0
29407,0
29483,0
29508,0
29521,0
29546,0
29560,0
29575,0
29585,0
29602,0
29656,0
29675,0
29682,0
29687,0
29737,0
29747,0
29762,0
29779,0
29785,0
29820,0
29844,0
29886,0
29906,0
29941,0
29952,0
29961,0
29966,0
30002,0
30030,0
30038,0
30049,0
30074,0
30086,0
30102,0
30106,0
30132,0
30147,0
30152,0
30156,0
30160,0
30179,0
30190,0
30214,0
30223,0
30242,0
30256,0
30267,0
30272,0
30282,0
30298,0
30311,0
30352,0
30370,0
30402,0
30408,0
30417,0
30428,0
30447,0
30457,0
30463,0
30473,0
30479,0
30490,0
30494,0
30503,0
30543,0
30588,0
30607,0
30613,0
30617,0
30623,0
30628,0
30652,0
30659,0
30687,0
30720,0
30724,0
30738,0
30744,0
30767,0
30801,0
30816,0
30836,0
30840,0
30855,0
30866,0
30872,0
30886,0
30895,0
30906,0
30925,0
30950,0
30956,0
30961,0
30970,0
30984,0
30989,0
30995,0
31007,0
31011,0
31016,0
31037,0
31046,0
31075,0
31084,0
31089,0
31116,0
31123,0
31206,0
31213,0
31223,0
31238,0
31249,0
31254,0
31265,0
31270,0
31286,0
31296,0
31302,0
31309,0
31341,0
31348,0
31352,0
31368,0
31428,0
31485,0
31494,0
31506,0
31512,0
31517,0
31522,0
31536,0
31541,0
31608,0
31679,0
31699,0
31704,0
31765,0
31774,0
31805,0
31811,0
31815,0
31828,0
31832,0
31837,0
31850,0
31872,0
31898,0
31904,0
31918,0
31929,0
31943,0
31953,0
31960,0
31967,0
31972,0
31995,0
32030,0
32036,0
32056,0
32071,0
32080,0
32108,0
32135,0
32201,0
32246,0
32274,0
32285,0
32295,0
32301,0
32306,0
32316,0
32330,0
32339,0
32359,0
32374,0
32380,0
32403,0
32408,0
32419,0
32423,0
32435,0
32456,0
32468,0
32474,0
32491,0
32516,0
32526,0
32544,0
32549,0
32592,0
32610,0
32621,0
32657,0
32673,0
32692,0
32701,0
32717,0
32728,0
32734,0
32750,0
32762,0
32767,0
32783,0
32790,0
32807,0
32815,0
32820,0
32832,0
32840,0
32846,0
32851,0
32898,0
32920,0
32925,0
32943,0
32948,0
32972,0
32987,0
33005,0
33009,0
33041,0
33053,0
33078,0
33088,0
33093,0
33120,0
33136,0
33142,0
33154,0
33164,0
33177,0
33228,0
33238,0
33265,0
33270,0
33276,0
33286,0
33322,0
33362,0
33367,0
33371,0
33391,0
33401,0
33470,0
33477,0
33519,0
33527,0
33550,0
33572,0
33585,0
33590,0
33612,0
33627,0
33632,0
33652,0
33660,0
33664,0
33701,0
33725,0
33730,0
33735,0
33741,0
33768,0
33799,0
33804,0
33820,0
33833,0
33869,0
33880,0
33915,0
33931,0
33936,0
33946,0
33984,0
33996,0
34001,0
34005,0
34011,0
34015,0
34030,0
34048,0
34064,0
34074,0
34093,0
34121,0
34126,0
34132,0
34149,0
34162,0
34185,0
34203,0
34230,0
34240,0
34291,0
34309,0
34323,0
34337,0
34360,0
34398,0
34417,0
34424,0
34441,0
34477,0
34481,0
34486,0
34497,0
34503,0
34528,0
34539,0
34561,0
34570,0
34576,0
34586,0
34611,0
34641,0
34662,0
34672,0
34692,0
34697,0
34701,0
34736,0
34778,0
34793,0
34811,0
34816,0
34820,0
34826,0
34831,0
34863,0
34910,0
34917,0
34931,0
34938,0
34957,0
34971,0
34975,0
34984,0
34988,0
35022,0
35028,0
35047,0
35058,0
35068,0
35076,0
35090,0
35129,0
35136,0
35159,0
35176,0
35194,0
35229,0
35238,0
35275,0
35286,0
35339,0
35358,0
35411,0
35418,0
35428,0
35432,0
35436,0
35454,0
35460,0
35472,0
35484,0
35490,0
35499,0
35519,0
35524,0
35531,0
35562,0
35595,0
35609,0
35617,0
35622,0
35653,0
35658,0
35725,0
35730,0
35740,0
35746,0
35751,0
35756,0
35798,0
35841,0
35908,0
35913,0
35935,0
35973,0
35987,0
36003,0
36027,0
36085,0
36096,0
36108,0
36113,0
36121,0
36130,0
36134,0
36138,0
36152,0
36173,0
36189,0
36218,0
36230,0
36245,0
36281,0
36321,0
36335,0
36339,0
36350,0
36359,0
36364,0
36426,0
36435,0
36452,0
36462,0
36471,0
36484,0
36494,0
36509,0
36515,0
36526,0
36545,0
36550,0
36558,0
36592,0
36601,0
36654,0
36660,0
36685,0
36743,0
36811,0
36816,0
36838,0
36851,0
36893,0
36903,0
36908,0
36935,0
36950,0
36956,0
36960,0
36965,0
37003,0
37016,0
37020,0
37033,0
37052,0
37067,0
37100,0
37104,0
37138,0
37178,0
37196,0
37221,0
37233,0
37264,0
37287,0
37327,0
37360,0
37406,0
37417,0
37423,0
37443,0
37469,0
37473,0
37478,0
37501,0
37524,0
37528,0
37533,0
37568,0
37585,0
37612,0
37634,0
37689,0
37703,0
37714,0
37742,0
37777,0
37782,0
37788,0
37835,0
37859,0
37869,0
37888,0
37899,0
37924,0
37928,0
37946,0
37970,0
37974,0
37979,0
37991,0
37996,0
38002,0
38010,0
38051,0
38064,0
38068,0
38117,0
38129,0
38138,0
38160,0
38165,0
38174,0
38180,0
38193,0
38223,0
38249,0
38260,0
38275,0
38286,0
38301,0
38356,0
38392,0
38408,0
38431,0
38447,0
38456,0
38463,0
38470,0
38476,0
38487,0
38498,0
38506,0
38512,0
38522,0
38539,0
38567,0
38578,0
38596,0
38602,0
38608,0
38618,0
38653,0
38693,0
38699,0
38737,0
38742,0
38758,0
38768,0
38779,0
38794,0
38799,0
38843,0
38853,0
38885,0
38898,0
38903,0
38911,0
38930,0
38946,0
38950,0
38954,0
38959,0
38986,0
39003,0
39016,0
39072,0
39096,0
39103,0
39111,0
39139,0
39155,0
39160,0
39169,0
39175,0
39208,0
39220,0
39224,0
39233,0
39238,0
39266,0
39292,0
39337,0
39349,0
39405,0
39424,0
39446,0
39451,0
39465,0
39527,0
39539,0
39560,0
39570,0
39603,0
39615,0
39646,0
39651,0
39656,0
39663,0
39692,0
39715,0
39781,0
39788,0
39806,0
39810,0
39846,0
39884,0
39911,0
39921,0
