4,0
32,0
56,0
84,0
88,0
96,0
101,0
112,0
76,0
136,0
114,0
154,0
160,0
75,0
179,0
192,0
216,0
219,0
226,0
238,0
251,0
266,0
297,0
333,0
372,0
376,0
381,0
386,0
392,0
396,0
407,0
418,0
421,0
425,0
432,0
446,0
470,0
483,0
508,0
534,0
560,0
568,0
574,0
582,0
595,0
623,0
628,0
638,0
642,0
652,0
656,0
660,0
684,0
694,0
712,0
722,0
726,0
732,0
744,0
767,0
784,0
790,0
800,0
806,0
815,0
821,0
844,0
850,0
854,0
867,0
873,0
894,0
900,0
905,0
913,0
917,0
931,0
950,0
984,0
991,0
1001,0
1006,0
1048,0
1061,0
1068,0
1076,0
1084,0
1111,0
1123,0
1143,0
1225,0
1242,0
1251,0
1273,0
1283,0
1288,0
1297,0
1314,0
1332,0
1339,0
1353,0
1371,0
1376,0
1386,0
1391,0
1401,0
1454,0
1463,0
1491,0
1496,0
1506,0
1544,0
1548,0
1568,0
1572,0
1584,0
1622,0
1631,0
1635,0
1646,0
1660,0
1720,0
1726,0
1743,0
1752,0
1784,0
1790,0
1846,0
1857,0
1861,0
1871,0
1899,0
1922,0
1963,0
1967,0
1978,0
2000,0
2074,0
2086,0
2093,0
2113,0
2118,0
2156,0
2175,0
2200,0
2222,0
2260,0
2269,0
2273,0
2334,0
2353,0
2381,0
2397,0
2434,0
2439,0
2454,0
2474,0
2480,0
2492,0
2499,0
2515,0
2520,0
2525,0
2552,0
2573,0
2578,0
2583,0
2588,0
2593,0
2637,0
2700,0
2704,0
2709,0
2715,0
2735,0
2766,0
2773,0
2787,0
2792,0
2812,0
2821,0
2837,0
2841,0
2852,0
2856,0
2879,0
2886,0
2911,0
2916,0
2940,0
2957,0
2981,0
2987,0
2992,0
3010,0
3015,0
3027,0
3031,0
3040,0
3046,0
3052,0
3056,0
3065,0
3077,0
3085,0
3137,0
3148,0
3189,0
3208,0
3212,0
3217,0
3223,0
3244,0
3248,0
3252,0
3258,0
3265,0
3279,0
3284,0
3289,0
3293,0
3326,0
3353,0
3357,0
3371,0
3412,0
3457,0
3470,0
3486,0
3501,0
3514,0
3528,0
3548,0
3585,0
3591,0
3618,0
3659,0
3672,0
3703,0
3707,0
3768,0
3772,0
3777,0
3786,0
3803,0
3809,0
3814,0
3818,0
3844,0
3875,0
3937,0
3941,0
3949,0
3960,0
4002,0
4015,0
4024,0
4046,0
4113,0
4132,0
4142,0
4154,0
4159,0
4169,0
4181,0
4195,0
4214,0
4226,0
4305,0
4317,0
4321,0
4325,0
4335,0
4343,0
4394,0
4404,0
4427,0
4471,0
4494,0
4509,0
4536,0
4549,0
4567,0
4589,0
4601,0
4608,0
4613,0
4617,0
4647,0
4693,0
4699,0
4715,0
4721,0
4727,0
4744,0
4751,0
4770,0
4804,0
4813,0
4836,0
4869,0
4909,0
4919,0
4923,0
4936,0
4961,0
4976,0
4999,0
5015,0
5029,0
5043,0
5047,0
5062,0
5086,0
5091,0
5096,0
5114,0
5136,0
5144,0
5163,0
5167,0
5172,0
5183,0
5187,0
5192,0
5209,0
5234,0
5256,0
5270,0
5300,0
5306,0
5364,0
5368,0
5381,0
5391,0
5407,0
5415,0
5426,0
5443,0
5469,0
5479,0
5490,0
5496,0
5502,0
5508,0
5525,0
5535,0
5539,0
5544,0
5549,0
5568,0
5595,0
5600,0
5614,0
5635,0
5644,0
5700,0
5767,0
5789,0
5804,0
5816,0
5832,0
5836,0
5861,0
5889,0
5909,0
5917,0
5924,0
5931,0
5967,0
5980,0
5988,0
5998,0
6013,0
6028,0
6033,0
6049,0
6057,0
6061,0
6072,0
6089,0
6093,0
6103,0
6107,0
6118,0
6122,0
6127,0
6134,0
6179,0
6194,0
6198,0
6214,0
6231,0
6244,0
6256,0
6267,0
6287,0
6308,0
6322,0
6331,0
6336,0
6352,0
6362,0
6396,0
6427,0
6434,0
6440,0
6444,0
6478,0
6483,0
6487,0
6503,0
6514,0
6554,0
6575,0
6580,0
6600,0
6618,0
6638,0
6642,0
6664,0
6668,0
6672,0
6694,0
6698,0
6708,0
6721,0
6734,0
6782,0
6820,0
6829,0
6847,0
6855,0
6873,0
6886,0
6905,0
6913,0
6933,0
6995,0
7010,0
7034,0
7058,0
7070,0
7102,0
7107,0
7118,0
7132,0
7136,0
7141,0
7145,0
7158,0
7171,0
7205,0
7222,0
7227,0
7253,0
7270,0
7281,0
7305,0
7312,0
7325,0
7340,0
7348,0
7362,0
7366,0
7409,0
7429,0
7450,0
7455,0
7487,0
7495,0
7514,0
7520,0
7555,0
7574,0
7582,0
7608,0
7625,0
7640,0
7650,0
7680,0
7738,0
7763,0
7768,0
7782,0
7795,0
7801,0
7809,0
7827,0
7841,0
7850,0
7874,0
7889,0
7904,0
7908,0
7925,0
7929,0
7971,0
7986,0
8038,0
8047,0
8053,0
8100,0
8111,0
8122,0
8209,0
8255,0
8284,0
8337,0
8341,0
8368,0
8404,0
8411,0
8448,0
8467,0
8472,0
8476,0
8486,0
8493,0
8497,0
8534,0
8556,0
8560,0
8580,0
8585,0
8603,0
8612,0
8623,0
8638,0
8642,0
8653,0
8666,0
8690,0
8731,0
8736,0
8744,0
8750,0
8770,0
8786,0
8814,0
8824,0
8832,0
8837,0
8856,0
8861,0
8871,0
8903,0
8908,0
8954,0
8959,0
8975,0
8979,0
8994,0
9012,0
9017,0
9026,0
9048,0
9054,0
9061,0
9072,0
9077,0
9083,0
9100,0
9110,0
9127,0
9136,0
9141,0
9145,0
9153,0
9166,0
9183,0
9198,0
9235,0
9239,0
9276,0
9282,0
9299,0
9303,0
9309,0
9327,0
9350,0
9355,0
9361,0
9372,0
9378,0
9393,0
9399,0
9406,0
9421,0
9443,0
9473,0
9477,0
9498,0
9508,0
9531,0
9546,0
9550,0
9556,0
9591,0
9601,0
9673,0
9681,0
9709,0
9732,0
9741,0
9747,0
9773,0
9779,0
9799,0
9818,0
9829,0
9843,0
9849,0
9860,0
9887,0
9892,0
9904,0
9910,0
9918,0
9922,0
9938,0
9952,0
9962,0
9968,0
9996,0
10001,0
10017,0
10060,0
10069,0
10089,0
10123,0
10164,0
10173,0
10179,0
10194,0
10202,0
10220,0
10234,0
10257,0
10264,0
10279,0
10290,0
10303,0
10307,0
10325,0
10348,0
10364,0
10388,0
10392,0
10403,0
10436,0
10454,0
10477,0
10483,0
10494,0
10499,0
10505,0
10537,0
10583,0
10589,0
10601,0
10608,0
10635,0
10661,0
10667,0
10671,0
10691,0
10728,0
10767,0
10779,0
10823,0
10830,0
10835,0
10851,0
10865,0
10904,0
10909,0
10922,0
10928,0
10933,0
10963,0
10967,0
10973,0
11002,0
11012,0
11032,0
11081,0
11086,0
11100,0
11111,0
11125,0
11130,0
11146,0
11166,0
11173,0
11178,0
11212,0
11216,0
11225,0
11246,0
11266,0
11278,0
11288,0
11320,0
11327,0
11342,0
11354,0
11358,0
11368,0
11381,0
11387,0
11399,0
11415,0
11425,0
11462,0
11469,0
11480,0
11484,0
11489,0
11528,0
11555,0
11583,0
11595,0
11620,0
11638,0
11654,0
11692,0
11703,0
11746,0
11759,0
11764,0
11776,0
11784,0
11814,0
11832,0
11857,0
11893,0
11904,0
11908,0
11917,0
11948,0
11969,0
11979,0
12028,0
12034,0
12038,0
12083,0
12110,0
12158,0
12186,0
12200,0
12212,0
12218,0
12230,0
12245,0
12286,0
12318,0
12342,0
12352,0
12356,0
12365,0
12379,0
12388,0
12392,0
12397,0
12414,0
12418,0
12443,0
12448,0
12453,0
12483,0
12498,0
12504,0
12514,0
12518,0
12527,0
12536,0
12541,0
12602,0
12616,0
12697,0
12701,0
12708,0
12717,0
12729,0
12738,0
12743,0
12750,0
12754,0
12779,0
12785,0
12822,0
12826,0
12832,0
12843,0
12855,0
12871,0
12878,0
12912,0
12950,0
12955,0
12974,0
12981,0
12987,0
13020,0
13043,0
13062,0
13067,0
13071,0
13084,0
13095,0
13100,0
13106,0
13111,0
13119,0
13148,0
13152,0
13177,0
13212,0
13235,0
13246,0
13262,0
13266,0
13300,0
13343,0
13350,0
13356,0
13363,0
13396,0
13406,0
13417,0
13423,0
13443,0
13448,0
13452,0
13485,0
13491,0
13512,0
13518,0
13537,0
13549,0
13569,0
13587,0
13598,0
13603,0
13615,0
13622,0
13634,0
13639,0
13644,0
13673,0
13684,0
13688,0
13716,0
13724,0
13737,0
13794,0
13812,0
13833,0
13851,0
13871,0
13890,0
13900,0
13905,0
13923,0
13927,0
13932,0
13937,0
13951,0
13986,0
13990,0
13994,0
13999,0
14013,0
14030,0
14051,0
14080,0
14093,0
14102,0
14106,0
14116,0
14120,0
14128,0
14139,0
14145,0
14150,0
14154,0
14173,0
14192,0
14205,0
14211,0
14225,0
14241,0
14246,0
14308,0
14319,0
14342,0
14353,0
14395,0
14401,0
14405,0
14416,0
14422,0
14435,0
14445,0
14454,0
14493,0
14497,0
14502,0
14514,0
14519,0
14523,0
14527,0
14531,0
14544,0
14565,0
14569,0
14573,0
14578,0
14595,0
14622,0
14628,0
14633,0
14639,0
14679,0
14684,0
14709,0
14719,0
14756,0
14772,0
14776,0
14819,0
14843,0
14858,0
14864,0
14869,0
14899,0
14908,0
14940,0
14944,0
14957,0
14961,0
14996,0
15003,0
15008,0
15018,0
15028,0
15042,0
15046,0
15054,0
15075,0
15086,0
15090,0
15096,0
15101,0
15105,0
15115,0
15132,0
15158,0
15167,0
15220,0
15238,0
15244,0
15249,0
15255,0
15260,0
15264,0
15289,0
15300,0
15311,0
15339,0
15360,0
15377,0
15381,0
15420,0
15425,0
15436,0
15445,0
15465,0
15470,0
15475,0
15488,0
15503,0
15514,0
15544,0
15549,0
15554,0
15576,0
15593,0
15598,0
15611,0
15615,0
15620,0
15640,0
15644,0
15648,0
15684,0
15701,0
15715,0
15742,0
15763,0
15786,0
15811,0
15860,0
15898,0
15914,0
15918,0
15945,0
15973,0
16006,0
16026,0
16038,0
16065,0
16091,0
16114,0
16118,0
16194,0
16198,0
16215,0
16234,0
16247,0
16272,0
16276,0
16292,0
16322,0
16335,0
16340,0
16360,0
16374,0
16384,0
16390,0
16397,0
16415,0
16428,0
16442,0
16447,0
16478,0
16482,0
16488,0
16492,0
16510,0
16515,0
16519,0
16525,0
16548,0
16559,0
16563,0
16573,0
16583,0
16593,0
16598,0
16609,0
16648,0
16673,0
16679,0
16693,0
16705,0
16712,0
16716,0
16776,0
16855,0
16868,0
16874,0
16882,0
16898,0
16930,0
16935,0
16953,0
16975,0
17021,0
17047,0
17074,0
17105,0
17111,0
17123,0
17139,0
17150,0
17165,0
17170,0
17181,0
17212,0
17249,0
17253,0
17261,0
17265,0
17273,0
17278,0
17310,0
17330,0
17338,0
17354,0
17380,0
17384,0
17403,0
17413,0
17431,0
17441,0
17453,0
17467,0
17486,0
17490,0
17506,0
17511,0
17552,0
17557,0
17562,0
17594,0
17605,0
17609,0
17631,0
17637,0
17643,0
17671,0
17684,0
17717,0
17735,0
17741,0
17751,0
17755,0
17764,0
17770,0
17788,0
17829,0
17836,0
17845,0
17856,0
17887,0
17893,0
17917,0
17923,0
17928,0
17937,0
17942,0
17987,0
17997,0
18011,0
18016,0
18027,0
18034,0
18038,0
18068,0
18088,0
18094,0
18099,0
18109,0
18128,0
18133,0
18140,0
18163,0
18169,0
18185,0
18189,0
18193,0
18206,0
18213,0
18231,0
18244,0
18258,0
18263,0
18283,0
18306,0
18326,0
18337,0
18346,0
18356,0
18366,0
18390,0
18397,0
18456,0
18462,0
18479,0
18486,0
18507,0
18538,0
18548,0
18567,0
18599,0
18604,0
18639,0
18643,0
18690,0
18730,0
18745,0
18753,0
18781,0
18814,0
18824,0
18868,0
18879,0
18908,0
18924,0
18936,0
18958,0
18990,0
19010,0
19018,0
19032,0
19049,0
19070,0
19106,0
19123,0
19140,0
19151,0
19161,0
19172,0
19177,0
19184,0
19195,0
19210,0
19214,0
19238,0
19252,0
19261,0
19266,0
19275,0
19279,0
19283,0
19298,0
19306,0
19327,0
19345,0
19349,0
19361,0
19376,0
19387,0
19411,0
19420,0
19471,0
19492,0
19503,0
19509,0
19513,0
19524,0
19531,0
19549,0
19555,0
19575,0
19593,0
19597,0
19610,0
19615,0
19620,0
19639,0
19644,0
19653,0
19690,0
19745,0
19749,0
19763,0
19784,0
19821,0
19850,0
19854,0
19863,0
19898,0
19927,0
19952,0
19973,0
19987,0
20025,0
20030,0
20044,0
20060,0
20108,0
20113,0
20119,0
20144,0
20154,0
20179,0
20202,0
20206,0
20226,0
20236,0
20241,0
20257,0
20269,0
20278,0
20289,0
20302,0
20312,0
20319,0
20325,0
20341,0
20349,0
20353,0
20359,0
20372,0
20391,0
20396,0
20443,0
20449,0
20459,0
20469,0
20479,0
20485,0
20506,0
20511,0
20523,0
20532,0
20587,0
20597,0
20619,0
20654,0
20658,0
20662,0
20687,0
20693,0
20710,0
20715,0
20720,0
20725,0
20729,0
20755,0
20779,0
20785,0
20789,0
20803,0
20811,0
20822,0
20837,0
20856,0
20920,0
20932,0
20936,0
20940,0
20944,0
20948,0
21017,0
21046,0
21081,0
21094,0
21098,0
21106,0
21130,0
21161,0
21169,0
21187,0
21214,0
21246,0
21292,0
21334,0
21345,0
21354,0
21362,0
21367,0
21382,0
21404,0
21434,0
21441,0
21455,0
21463,0
21480,0
21501,0
21509,0
21519,0
21538,0
21545,0
21556,0
21565,0
21585,0
21607,0
21617,0
21625,0
21636,0
21640,0
21664,0
21670,0
21675,0
21702,0
21706,0
21739,0
21759,0
21765,0
21777,0
21811,0
21823,0
21858,0
21864,0
21886,0
21914,0
21939,0
21951,0
21968,0
21980,0
21989,0
22004,0
22010,0
22024,0
22029,0
22107,0
22112,0
22117,0
22122,0
22128,0
22169,0
22201,0
22222,0
22229,0
22233,0
22244,0
22254,0
22267,0
22272,0
22319,0
22331,0
22338,0
22356,0
22373,0
22388,0
22396,0
22430,0
22434,0
22450,0
22460,0
22475,0
22495,0
22505,0
22514,0
22549,0
22559,0
22586,0
22595,0
22599,0
22613,0
22630,0
22640,0
22648,0
22680,0
22686,0
22696,0
22714,0
22773,0
22791,0
22805,0
22811,0
22820,0
22836,0
22846,0
22851,0
22864,0
22868,0
22896,0
22916,0
22938,0
22960,0
22965,0
22986,0
22992,0
23008,0
23015,0
23022,0
23026,0
23036,0
23054,0
23067,0
23085,0
23090,0
23099,0
23108,0
23114,0
23127,0
23172,0
23194,0
23212,0
23218,0
23223,0
23227,0
23238,0
23277,0
23302,0
23307,0
23317,0
23374,0
23401,0
23434,0
23438,0
23445,0
23460,0
23477,0
23506,0
23512,0
23517,0
23538,0
23549,0
23562,0
23566,0
23580,0
23596,0
23611,0
23631,0
23649,0
23654,0
23686,0
23694,0
23703,0
23758,0
23767,0
23772,0
23782,0
23789,0
23798,0
23807,0
23816,0
23822,0
23842,0
23869,0
23888,0
23910,0
23922,0
23933,0
23949,0
23955,0
23990,0
23997,0
24007,0
24011,0
24018,0
24022,0
24041,0
24061,0
24065,0
24077,0
24083,0
24088,0
24105,0
24120,0
24124,0
24131,0
24142,0
24155,0
24165,0
24185,0
24198,0
24207,0
24223,0
24248,0
24310,0
24319,0
24323,0
24331,0
24346,0
24354,0
24365,0
24375,0
24380,0
24384,0
24389,0
24401,0
24409,0
24427,0
24441,0
24446,0
24454,0
24503,0
24556,0
24582,0
24587,0
24604,0
24638,0
24683,0
24693,0
24708,0
24712,0
24726,0
24741,0
24746,0
24752,0
24756,0
24762,0
24768,0
24795,0
24817,0
24847,0
24853,0
24862,0
24871,0
24894,0
24905,0
24934,0
24938,0
24974,0
24981,0
25004,0
25008,0
25020,0
25044,0
25062,0
25084,0
25088,0
25095,0
25111,0
25127,0
25135,0
25139,0
25160,0
25220,0
25252,0
25258,0
25263,0
25291,0
25312,0
25318,0
25386,0
25397,0
25410,0
25414,0
25421,0
25447,0
25451,0
25461,0
25487,0
25500,0
25520,0
25543,0
25547,0
25553,0
25575,0
25606,0
25616,0
25675,0
25682,0
25698,0
25728,0
25734,0
25740,0
25781,0
25788,0
25804,0
25809,0
25821,0
25831,0
25836,0
25844,0
25858,0
25862,0
25866,0
25874,0
25879,0
25920,0
25936,0
25948,0
25960,0
25976,0
25987,0
26012,0
26043,0
26053,0
26060,0
26084,0
26099,0
26114,0
26131,0
26137,0
26142,0
26146,0
26167,0
26175,0
26179,0
26198,0
26209,0
26232,0
26246,0
26250,0
26263,0
26269,0
26273,0
26285,0
26292,0
26304,0
26334,0
26338,0
26350,0
26368,0
26381,0
26393,0
26407,0
26416,0
26431,0
26442,0
26449,0
26461,0
26465,0
26487,0
26512,0
26528,0
26541,0
26554,0
26569,0
26573,0
26612,0
26646,0
26657,0
26672,0
26680,0
26694,0
26707,0
26737,0
26745,0
26751,0
26761,0
26770,0
26793,0
26798,0
26803,0
26813,0
26829,0
26833,0
26853,0
26863,0
26868,0
26883,0
26894,0
26919,0
26930,0
26955,0
26963,0
26980,0
26991,0
26995,0
27034,0
27060,0
27080,0
27105,0
27124,0
27134,0
27145,0
27187,0
27197,0
27222,0
27234,0
27266,0
27277,0
27286,0
27297,0
27324,0
27337,0
27344,0
27365,0
27382,0
27387,0
27405,0
27409,0
27453,0
27458,0
27475,0
27504,0
27544,0
27575,0
27602,0
27606,0
27619,0
27628,0
27649,0
27684,0
27689,0
27704,0
27748,0
27768,0
27781,0
27810,0
27814,0
27833,0
27850,0
27854,0
27859,0
27875,0
27897,0
27924,0
27938,0
27956,0
27960,0
27975,0
28009,0
28016,0
28036,0
28042,0
28050,0
28066,0
28079,0
28092,0
28103,0
28109,0
28133,0
28152,0
28172,0
28184,0
28204,0
28225,0
28231,0
28261,0
28265,0
28274,0
28279,0
28307,0
28326,0
28332,0
28355,0
28381,0
28386,0
28390,0
28461,0
28480,0
28485,0
28508,0
28522,0
28526,0
28539,0
28543,0
28551,0
28556,0
28573,0
28583,0
28609,0
28613,0
28643,0
28671,0
28679,0
28709,0
28736,0
28740,0
28757,0
28765,0
28779,0
28834,0
28846,0
28850,0
28863,0
28870,0
28882,0
28887,0
28917,0
28925,0
28945,0
28974,0
28978,0
28987,0
28998,0
29008,0
29012,0
29038,0
29070,0
29081,0
29170,0
29179,0
29186,0
29190,0
29220,0
29252,0
29272,0
29291,0
29318,0
29327,0
29333,0
29339,0
29366,0
29371,0
29382,0
29390,0
29412,0
29421,0
29425,0
29429,0
29444,0
29453,0
29462,0
29474,0
29487,0
29504,0
29520,0
29524,0
29528,0
29532,0
29592,0
29596,0
29605,0
29614,0
29626,0
29630,0
29650,0
29666,0
29671,0
29693,0
29700,0
29713,0
29719,0
29744,0
29770,0
29774,0
29788,0
29811,0
29831,0
29838,0
29849,0
29868,0
29877,0
29882,0
29887,0
29896,0
29902,0
29919,0
29930,0
29944,0
29948,0
29954,0
29991,0
30004,0
30015,0
30021,0
30059,0
30073,0
30100,0
30135,0
30140,0
30150,0
30155,0
30171,0
30191,0
30199,0
30211,0
30233,0
30248,0
30252,0
30262,0
30317,0
30323,0
30336,0
30345,0
30350,0
30360,0
30378,0
30382,0
30386,0
30393,0
30418,0
30424,0
30433,0
30439,0
30444,0
30454,0
30507,0
30519,0
30538,0
30551,0
30598,0
30602,0
30630,0
30643,0
30665,0
30670,0
30680,0
30694,0
30704,0
30722,0
30733,0
30783,0
30793,0
30804,0
30834,0
30885,0
30900,0
30907,0
30916,0
30932,0
30941,0
31005,0
31009,0
31013,0
31017,0
31023,0
31042,0
31054,0
31063,0
31068,0
31073,0
31093,0
31107,0
31130,0
31134,0
31143,0
31151,0
31173,0
31184,0
31188,0
31199,0
31224,0
31247,0
31271,0
31280,0
31290,0
31346,0
31374,0
31398,0
31408,0
31426,0
31431,0
31471,0
31475,0
31479,0
31499,0
31504,0
31514,0
31534,0
31552,0
31598,0
31620,0
31624,0
31631,0
31641,0
31651,0
31656,0
31666,0
31675,0
31718,0
31722,0
31733,0
31743,0
31768,0
31782,0
31816,0
31839,0
31864,0
31882,0
31895,0
31911,0
31917,0
31921,0
31931,0
31955,0
31993,0
32003,0
32008,0
32015,0
32031,0
32046,0
32053,0
32088,0
32103,0
32125,0
32138,0
32163,0
32184,0
32215,0
32223,0
32228,0
32236,0
32240,0
32260,0
32270,0
32280,0
32288,0
32294,0
32311,0
32325,0
32352,0
32356,0
32400,0
32406,0
32421,0
32431,0
32451,0
32462,0
32466,0
32485,0
32539,0
32543,0
32578,0
32594,0
32614,0
32642,0
32713,0
32732,0
32749,0
32763,0
32794,0
32798,0
32825,0
32830,0
32844,0
32849,0
32862,0
32875,0
32883,0
32887,0
32903,0
32910,0
32954,0
32960,0
32964,0
32990,0
32997,0
33014,0
33026,0
33030,0
33035,0
33044,0
33049,0
33060,0
33082,0
33099,0
33118,0
33124,0
33128,0
33143,0
33169,0
33186,0
33205,0
33218,0
33247,0
33255,0
33283,0
33290,0
33295,0
33313,0
33327,0
33335,0
33341,0
33349,0
33356,0
33361,0
33410,0
33422,0
33434,0
33445,0
33472,0
33525,0
33530,0
33536,0
33547,0
33569,0
33573,0
33580,0
33589,0
33611,0
33648,0
33672,0
33689,0
33698,0
33710,0
33731,0
33748,0
33754,0
33766,0
33771,0
33786,0
33796,0
33815,0
33825,0
33832,0
33836,0
33845,0
33864,0
33896,0
33900,0
33905,0
33912,0
33922,0
33932,0
33963,0
33974,0
33978,0
33983,0
33998,0
34012,0
34016,0
34024,0
34043,0
34049,0
34065,0
34069,0
34079,0
34094,0
34098,0
34118,0
34174,0
34188,0
34205,0
34221,0
34231,0
34270,0
34281,0
34311,0
34325,0
34335,0
34352,0
34369,0
34383,0
34395,0
34442,0
34447,0
34466,0
34471,0
34483,0
34487,0
34507,0
34541,0
34556,0
34578,0
34583,0
34589,0
34594,0
34620,0
34666,0
34671,0
34683,0
34706,0
34712,0
34717,0
34721,0
34732,0
34741,0
34773,0
34784,0
34796,0
34815,0
34870,0
34887,0
34898,0
34902,0
34915,0
34930,0
34948,0
34960,0
34970,0
34974,0
35000,0
35029,0
35060,0
35074,0
35104,0
35109,0
35114,0
35121,0
35137,0
35143,0
35175,0
35180,0
35214,0
35224,0
35235,0
35269,0
35289,0
35301,0
35312,0
35320,0
35329,0
35365,0
35405,0
35440,0
35447,0
35459,0
35467,0
35477,0
35483,0
35488,0
35498,0
35505,0
35510,0
35540,0
35546,0
35551,0
35555,0
35568,0
35586,0
35591,0
35605,0
35614,0
35650,0
35669,0
35674,0
35683,0
35695,0
35701,0
35709,0
35714,0
35728,0
35741,0
35764,0
35773,0
35783,0
35787,0
35797,0
35829,0
35834,0
35853,0
35858,0
35878,0
35889,0
35907,0
35918,0
35924,0
35956,0
35976,0
35984,0
36010,0
36014,0
36034,0
36055,0
36084,0
36092,0
36115,0
36123,0
36137,0
36146,0
36159,0
36171,0
36175,0
36182,0
36211,0
36240,0
36277,0
36308,0
36319,0
36345,0
36351,0
36380,0
36389,0
36394,0
36416,0
36429,0
36459,0
36468,0
36476,0
36492,0
36506,0
36511,0
36521,0
36542,0
36555,0
36582,0
36608,0
36617,0
36645,0
36662,0
36671,0
36690,0
36732,0
36777,0
36801,0
36819,0
36864,0
36899,0
36944,0
36949,0
36957,0
36988,0
36994,0
37005,0
37010,0
37014,0
37024,0
37029,0
37042,0
37046,0
37054,0
37063,0
37074,0
37078,0
37084,0
37091,0
37154,0
37158,0
37176,0
37198,0
37209,0
37214,0
37219,0
37232,0
37244,0
37251,0
37256,0
37299,0
37303,0
37317,0
37321,0
37325,0
37329,0
37349,0
37357,0
37363,0
37369,0
37381,0
37386,0
37397,0
37430,0
37455,0
37462,0
37470,0
37508,0
37551,0
37557,0
37562,0
37588,0
37601,0
37616,0
37624,0
37638,0
37642,0
37647,0
37661,0
37668,0
37678,0
37682,0
37687,0
37736,0
37767,0
37785,0
37789,0
37843,0
37855,0
37874,0
37878,0
37907,0
37912,0
37916,0
37934,0
37941,0
37969,0
37973,0
37986,0
38046,0
38052,0
38061,0
38066,0
38075,0
38096,0
38104,0
38115,0
38149,0
38172,0
38184,0
38189,0
38204,0
38222,0
38253,0
38270,0
38324,0
38332,0
38374,0
38386,0
38394,0
38438,0
38446,0
38452,0
38484,0
38518,0
38524,0
38533,0
38541,0
38581,0
38592,0
38599,0
38623,0
38629,0
38633,0
38661,0
38681,0
38697,0
38720,0
38727,0
38732,0
38741,0
38745,0
38749,0
38762,0
38766,0
38771,0
38803,0
38809,0
38832,0
38847,0
38884,0
38889,0
38909,0
38919,0
38923,0
38928,0
38933,0
38939,0
38968,0
39013,0
39038,0
39043,0
39081,0
39089,0
39094,0
39115,0
39146,0
39151,0
39156,0
39170,0
39179,0
39190,0
39236,0
39241,0
39278,0
39288,0
39297,0
39306,0
39311,0
39332,0
39341,0
39359,0
39379,0
39432,0
39438,0
39464,0
39477,0
39483,0
39496,0
39516,0
39556,0
39571,0
39576,0
39593,0
39633,0
39645,0
39665,0
39673,0
39677,0
39689,0
39710,0
39716,0
39742,0
39747,0
39804,0
39821,0
39837,0
39863,0
39887,0
39912,0
39917,0
39928,0
