87,0
95,0
99,0
109,0
126,0
10,0
148,0
67,0
97,0
185,0
204,0
213,0
250,0
272,0
280,0
304,0
310,0
341,0
351,0
373,0
385,0
397,0
40,0
403,0
415,0
420,0
455,0
463,0
468,0
493,0
518,0
528,0
540,0
564,0
569,0
611,0
630,0
640,0
648,0
659,0
663,0
667,0
697,0
715,0
739,0
745,0
761,0
765,0
770,0
795,0
826,0
840,0
853,0
858,0
881,0
888,0
893,0
902,0
906,0
914,0
919,0
941,0
960,0
965,0
1017,0
1021,0
1032,0
1055,0
1062,0
1089,0
1093,0
1107,0
1116,0
1153,0
1179,0
1183,0
1200,0
1215,0
1223,0
1234,0
1244,0
1267,0
1293,0
1326,0
1330,0
1349,0
1359,0
1364,0
1396,0
1407,0
1420,0
1427,0
1431,0
1436,0
1468,0
1473,0
1484,0
1503,0
1555,0
1569,0
1602,0
1613,0
1620,0
1626,0
1630,0
1658,0
1704,0
1709,0
1730,0
1750,0
1756,0
1761,0
1766,0
1771,0
1810,0
1838,0
1854,0
1869,0
1878,0
1891,0
1902,0
1934,0
1947,0
1961,0
1965,0
1969,0
1982,0
1986,0
2009,0
2019,0
2030,0
2059,0
2063,0
2068,0
2072,0
2082,0
2088,0
2096,0
2131,0
2138,0
2182,0
2186,0
2266,0
2271,0
2275,0
2283,0
2315,0
2333,0
2338,0
2356,0
2364,0
2385,0
2390,0
2419,0
2430,0
2445,0
2467,0
2471,0
2485,0
2506,0
2530,0
2545,0
2550,0
2570,0
2585,0
2592,0
2611,0
2631,0
2680,0
2684,0
2696,0
2756,0
2762,0
2808,0
2813,0
2817,0
2830,0
2839,0
2848,0
2854,0
2863,0
2878,0
2882,0
2928,0
2944,0
2972,0
2990,0
3001,0
3016,0
3024,0
3064,0
3102,0
3109,0
3141,0
3146,0
3156,0
3171,0
3184,0
3188,0
3192,0
3196,0
3201,0
3211,0
3229,0
3234,0
3238,0
3243,0
3270,0
3281,0
3321,0
3345,0
3355,0
3374,0
3397,0
3401,0
3406,0
3424,0
3430,0
3464,0
3473,0
3478,0
3483,0
3519,0
3540,0
3544,0
3559,0
3583,0
3623,0
3648,0
3671,0
3693,0
3718,0
3729,0
3748,0
3758,0
3765,0
3770,0
3784,0
3789,0
3813,0
3852,0
3858,0
3883,0
3895,0
3901,0
3916,0
3923,0
3982,0
3994,0
4003,0
4010,0
4021,0
4034,0
4043,0
4081,0
4093,0
4108,0
4123,0
4130,0
4141,0
4149,0
4185,0
4241,0
4247,0
4258,0
4269,0
4273,0
4282,0
4318,0
4336,0
4346,0
4386,0
4408,0
4413,0
4417,0
4424,0
4434,0
4448,0
4457,0
4462,0
4477,0
4505,0
4542,0
4552,0
4561,0
4598,0
4618,0
4637,0
4643,0
4652,0
4658,0
4678,0
4687,0
4710,0
4732,0
4765,0
4788,0
4819,0
4844,0
4887,0
4901,0
4907,0
4927,0
4952,0
4980,0
5008,0
5014,0
5024,0
5052,0
5063,0
5070,0
5098,0
5107,0
5127,0
5149,0
5155,0
5166,0
5170,0
5174,0
5197,0
5206,0
5292,0
5339,0
5348,0
5362,0
5369,0
5373,0
5383,0
5423,0
5438,0
5456,0
5489,0
5503,0
5515,0
5522,0
5531,0
5537,0
5542,0
5558,0
5570,0
5577,0
5599,0
5647,0
5658,0
5670,0
5677,0
5687,0
5698,0
5719,0
5737,0
5742,0
5759,0
5771,0
5781,0
5792,0
5814,0
5841,0
5847,0
5866,0
5877,0
5883,0
5897,0
5902,0
5907,0
5930,0
5938,0
5948,0
5963,0
5985,0
6011,0
6024,0
6040,0
6079,0
6105,0
6120,0
6145,0
6162,0
6183,0
6193,0
6206,0
6211,0
6220,0
6248,0
6268,0
6291,0
6306,0
6311,0
6348,0
6358,0
6363,0
6369,0
6382,0
6388,0
6394,0
6398,0
6425,0
6462,0
6473,0
6482,0
6486,0
6498,0
6520,0
6607,0
6616,0
6620,0
6628,0
6643,0
6653,0
6659,0
6692,0
6700,0
6704,0
6715,0
6729,0
6741,0
6761,0
6784,0
6788,0
6806,0
6836,0
6852,0
6861,0
6866,0
6871,0
6877,0
6882,0
6894,0
6899,0
6980,0
7012,0
7026,0
7037,0
7076,0
7080,0
7099,0
7124,0
7135,0
7144,0
7154,0
7161,0
7175,0
7179,0
7183,0
7212,0
7240,0
7264,0
7287,0
7291,0
7301,0
7309,0
7321,0
7331,0
7403,0
7414,0
7427,0
7443,0
7462,0
7471,0
7500,0
7505,0
7533,0
7550,0
7566,0
7571,0
7597,0
7603,0
7628,0
7645,0
7651,0
7661,0
7683,0
7687,0
7692,0
7702,0
7707,0
7721,0
7726,0
7734,0
7743,0
7762,0
7780,0
7784,0
7788,0
7798,0
7805,0
7815,0
7824,0
7828,0
7834,0
7848,0
7852,0
7880,0
7914,0
7931,0
7939,0
7950,0
7968,0
7973,0
7988,0
8020,0
8025,0
8032,0
8042,0
8052,0
8057,0
8062,0
8086,0
8096,0
8101,0
8116,0
8128,0
8147,0
8181,0
8185,0
8196,0
8205,0
8213,0
8224,0
8249,0
8269,0
8273,0
8278,0
8283,0
8297,0
8304,0
8310,0
8314,0
8325,0
8366,0
8375,0
8382,0
8390,0
8428,0
8454,0
8459,0
8464,0
8473,0
8479,0
8503,0
8510,0
8524,0
8535,0
8568,0
8574,0
8583,0
8592,0
8600,0
8621,0
8629,0
8654,0
8670,0
8686,0
8694,0
8717,0
8722,0
8754,0
8761,0
8790,0
8795,0
8836,0
8840,0
8844,0
8853,0
8858,0
8864,0
8869,0
8874,0
8894,0
8902,0
8906,0
8921,0
8929,0
8945,0
8985,0
9005,0
9029,0
9035,0
9066,0
9076,0
9089,0
9095,0
9099,0
9125,0
9155,0
9162,0
9179,0
9202,0
9234,0
9263,0
9285,0
9301,0
9331,0
9339,0
9349,0
9354,0
9374,0
9379,0
9388,0
9395,0
9410,0
9439,0
9458,0
9464,0
9469,0
9484,0
9494,0
9499,0
9505,0
9525,0
9573,0
9582,0
9594,0
9609,0
9618,0
9627,0
9637,0
9660,0
9670,0
9674,0
9761,0
9771,0
9776,0
9780,0
9790,0
9806,0
9826,0
9836,0
9854,0
9870,0
9880,0
9885,0
9935,0
9976,0
10039,0
10075,0
10100,0
10145,0
10149,0
10166,0
10181,0
10190,0
10211,0
10229,0
10272,0
10276,0
10297,0
10337,0
10345,0
10359,0
10363,0
10375,0
10381,0
10405,0
10410,0
10414,0
10432,0
10449,0
10465,0
10469,0
10490,0
10511,0
10522,0
10548,0
10553,0
10569,0
10574,0
10580,0
10584,0
10620,0
10627,0
10631,0
10669,0
10694,0
10709,0
10744,0
10769,0
10777,0
10786,0
10797,0
10805,0
10846,0
10856,0
10880,0
10896,0
10937,0
10952,0
10960,0
10970,0
10980,0
10988,0
11009,0
11014,0
11034,0
11040,0
11055,0
11074,0
11110,0
11136,0
11143,0
11157,0
11187,0
11194,0
11204,0
11232,0
11238,0
11248,0
11256,0
11276,0
11280,0
11287,0
11293,0
11298,0
11314,0
11349,0
11357,0
11367,0
11394,0
11416,0
11429,0
11436,0
11444,0
11449,0
11456,0
11466,0
11476,0
11508,0
11525,0
11536,0
11544,0
11561,0
11571,0
11585,0
11591,0
11609,0
11614,0
11630,0
11637,0
11646,0
11652,0
11670,0
11676,0
11699,0
11711,0
11717,0
11721,0
11726,0
11747,0
11752,0
11765,0
11779,0
11816,0
11826,0
11839,0
11843,0
11848,0
11883,0
11887,0
11907,0
11912,0
11942,0
11960,0
12011,0
12019,0
12052,0
12088,0
12148,0
12162,0
12191,0
12195,0
12216,0
12257,0
12294,0
12300,0
12306,0
12323,0
12347,0
12364,0
12372,0
12384,0
12415,0
12445,0
12451,0
12468,0
12474,0
12493,0
12523,0
12565,0
12569,0
12573,0
12589,0
12595,0
12606,0
12636,0
12655,0
12676,0
12726,0
12767,0
12789,0
12800,0
12837,0
12845,0
12917,0
12921,0
12927,0
12940,0
12964,0
12986,0
12996,0
13024,0
13030,0
13056,0
13060,0
13064,0
13110,0
13116,0
13158,0
13176,0
13185,0
13189,0
13203,0
13224,0
13244,0
13260,0
13265,0
13280,0
13285,0
13290,0
13304,0
13316,0
13329,0
13365,0
13375,0
13392,0
13412,0
13419,0
13424,0
13429,0
13457,0
13483,0
13500,0
13528,0
13533,0
13554,0
13565,0
13571,0
13583,0
13588,0
13627,0
13633,0
13650,0
13661,0
13686,0
13702,0
13725,0
13734,0
13752,0
13766,0
13815,0
13874,0
13886,0
13895,0
13906,0
13914,0
13920,0
13947,0
13973,0
14005,0
14011,0
14064,0
14092,0
14113,0
14152,0
14195,0
14207,0
14232,0
14279,0
14315,0
14331,0
14347,0
14357,0
14404,0
14438,0
14451,0
14483,0
14490,0
14518,0
14530,0
14550,0
14584,0
14602,0
14606,0
14611,0
14616,0
14627,0
14651,0
14673,0
14678,0
14714,0
14748,0
14770,0
14797,0
14809,0
14826,0
14845,0
14856,0
14882,0
14887,0
14898,0
14907,0
14922,0
14945,0
14949,0
14955,0
14966,0
14975,0
15000,0
15012,0
15023,0
15027,0
15032,0
15050,0
15067,0
15072,0
15099,0
15103,0
15152,0
15156,0
15161,0
15177,0
15182,0
15188,0
15208,0
15213,0
15253,0
15269,0
15279,0
15298,0
15308,0
15323,0
15331,0
15335,0
15358,0
15367,0
15378,0
15393,0
15398,0
15414,0
15428,0
15454,0
15459,0
15487,0
15525,0
15561,0
15584,0
15622,0
15633,0
15660,0
15676,0
15680,0
15685,0
15690,0
15698,0
15717,0
15722,0
15729,0
15746,0
15758,0
15775,0
15784,0
15789,0
15813,0
15843,0
15852,0
15857,0
15883,0
15903,0
15907,0
15935,0
15939,0
15949,0
15958,0
15986,0
15991,0
15997,0
16054,0
16063,0
16067,0
16105,0
16115,0
16139,0
16147,0
16151,0
16173,0
16185,0
16203,0
16214,0
16218,0
16227,0
16239,0
16249,0
16259,0
16280,0
16284,0
16289,0
16294,0
16327,0
16331,0
16352,0
16362,0
16392,0
16412,0
16451,0
16459,0
16470,0
16500,0
16514,0
16531,0
16552,0
16556,0
16561,0
16566,0
16577,0
16604,0
16613,0
16667,0
16690,0
16718,0
16750,0
16760,0
16764,0
16781,0
16786,0
16799,0
16805,0
16813,0
16836,0
16851,0
16857,0
16873,0
16888,0
16892,0
16911,0
16923,0
16939,0
16944,0
16950,0
16966,0
16971,0
16983,0
17043,0
17052,0
17066,0
17073,0
17100,0
17115,0
17138,0
17148,0
17152,0
17156,0
17174,0
17178,0
17188,0
17224,0
17237,0
17242,0
17247,0
17251,0
17255,0
17288,0
17311,0
17331,0
17335,0
17342,0
17350,0
17361,0
17367,0
17374,0
17387,0
17414,0
17436,0
17448,0
17461,0
17476,0
17515,0
17520,0
17531,0
17576,0
17598,0
17618,0
17624,0
17650,0
17688,0
17707,0
17727,0
17748,0
17752,0
17758,0
17778,0
17825,0
17843,0
17860,0
17865,0
17885,0
17894,0
17899,0
17918,0
17927,0
17996,0
18021,0
18025,0
18042,0
18060,0
18065,0
18074,0
18127,0
18136,0
18153,0
18181,0
18192,0
18198,0
18226,0
18236,0
18246,0
18253,0
18267,0
18272,0
18282,0
18343,0
18347,0
18352,0
18378,0
18417,0
18422,0
18426,0
18437,0
18454,0
18471,0
18524,0
18556,0
18589,0
18594,0
18605,0
18609,0
18649,0
18654,0
18678,0
18684,0
18689,0
18747,0
18778,0
18807,0
18823,0
18839,0
18843,0
18885,0
18892,0
18898,0
18934,0
18938,0
18953,0
18962,0
18978,0
18988,0
19017,0
19021,0
19042,0
19088,0
19098,0
19117,0
19138,0
19142,0
19163,0
19168,0
19202,0
19232,0
19236,0
19241,0
19250,0
19255,0
19276,0
19311,0
19320,0
19400,0
19415,0
19421,0
19439,0
19447,0
19451,0
19455,0
19460,0
19469,0
19522,0
19532,0
19537,0
19541,0
19559,0
19572,0
19579,0
19596,0
19605,0
19624,0
19630,0
19673,0
19679,0
19683,0
19703,0
19707,0
19713,0
19771,0
19775,0
19792,0
19796,0
19804,0
19834,0
19839,0
19852,0
19869,0
19873,0
19890,0
19895,0
19904,0
19918,0
19939,0
19961,0
19968,0
19972,0
19988,0
19997,0
20003,0
20011,0
20056,0
20102,0
20193,0
20207,0
20213,0
20228,0
20232,0
20242,0
20246,0
20259,0
20298,0
20333,0
20338,0
20348,0
20354,0
20362,0
20384,0
20395,0
20399,0
20413,0
20421,0
20457,0
20467,0
20472,0
20482,0
20491,0
20495,0
20528,0
20552,0
20562,0
20566,0
20602,0
20622,0
20641,0
20666,0
20672,0
20704,0
20713,0
20719,0
20759,0
20769,0
20775,0
20787,0
20802,0
20823,0
20829,0
20833,0
20839,0
20843,0
20855,0
20859,0
20863,0
20878,0
20886,0
20890,0
20902,0
20907,0
20924,0
20931,0
20942,0
20985,0
20996,0
21005,0
21014,0
21018,0
21023,0
21034,0
21039,0
21049,0
21061,0
21075,0
21079,0
21102,0
21110,0
21114,0
21124,0
21136,0
21141,0
21199,0
21205,0
21221,0
21272,0
21286,0
21300,0
21304,0
21311,0
21315,0
21327,0
21338,0
21343,0
21377,0
21388,0
21429,0
21433,0
21447,0
21464,0
21486,0
21490,0
21508,0
21517,0
21559,0
21569,0
21613,0
21619,0
21637,0
21665,0
21676,0
21690,0
21695,0
21710,0
21716,0
21731,0
21740,0
21755,0
21771,0
21788,0
21826,0
21901,0
21908,0
21919,0
21923,0
21941,0
21972,0
21988,0
21993,0
21999,0
22014,0
22052,0
22067,0
22071,0
22124,0
22143,0
22149,0
22153,0
22174,0
22184,0
22196,0
22220,0
22224,0
22260,0
22266,0
22281,0
22305,0
22312,0
22317,0
22359,0
22424,0
22445,0
22459,0
22489,0
22493,0
22504,0
22517,0
22530,0
22545,0
22580,0
22590,0
22608,0
22617,0
22647,0
22652,0
22656,0
22663,0
22679,0
22702,0
22709,0
22718,0
22726,0
22753,0
22763,0
22781,0
22822,0
22842,0
22852,0
22857,0
22887,0
22911,0
22921,0
22926,0
22932,0
22936,0
22966,0
22970,0
22975,0
22979,0
22998,0
23004,0
23041,0
23058,0
23073,0
23094,0
23106,0
23116,0
23120,0
23133,0
23141,0
23149,0
23162,0
23174,0
23225,0
23241,0
23264,0
23268,0
23275,0
23298,0
23319,0
23325,0
23351,0
23363,0
23385,0
23399,0
23414,0
23420,0
23424,0
23439,0
23443,0
23458,0
23471,0
23486,0
23522,0
23527,0
23531,0
23572,0
23595,0
23600,0
23620,0
23642,0
23648,0
23652,0
23662,0
23675,0
23692,0
23699,0
23704,0
23720,0
23743,0
23748,0
23753,0
23776,0
23780,0
23863,0
23897,0
23904,0
24002,0
24012,0
24026,0
24036,0
24059,0
24100,0
24114,0
24123,0
24127,0
24135,0
24187,0
24199,0
24204,0
24209,0
24224,0
24228,0
24233,0
24259,0
24274,0
24305,0
24309,0
24322,0
24328,0
24372,0
24400,0
24437,0
24444,0
24455,0
24464,0
24474,0
24484,0
24502,0
24530,0
24564,0
24692,0
24719,0
24729,0
24735,0
24809,0
24835,0
24844,0
24893,0
24898,0
24945,0
24950,0
24962,0
25007,0
25011,0
25026,0
25045,0
25101,0
25120,0
25134,0
25148,0
25172,0
25180,0
25195,0
25208,0
25225,0
25229,0
25244,0
25249,0
25268,0
25346,0
25351,0
25364,0
25381,0
25393,0
25400,0
25436,0
25449,0
25453,0
25473,0
25480,0
25494,0
25507,0
25515,0
25524,0
25552,0
25584,0
25589,0
25599,0
25614,0
25632,0
25636,0
25648,0
25670,0
25704,0
25721,0
25727,0
25742,0
25758,0
25778,0
25794,0
25823,0
25854,0
25934,0
25950,0
25980,0
26008,0
26033,0
26038,0
26054,0
26091,0
26123,0
26152,0
26161,0
26174,0
26194,0
26228,0
26233,0
26345,0
26356,0
26371,0
26376,0
26396,0
26403,0
26411,0
26430,0
26450,0
26456,0
26469,0
26480,0
26503,0
26508,0
26515,0
26521,0
26532,0
26543,0
26553,0
26558,0
26570,0
26617,0
26697,0
26701,0
26725,0
26729,0
26755,0
26779,0
26812,0
26835,0
26846,0
26900,0
26909,0
26914,0
26929,0
26938,0
26945,0
26949,0
26964,0
26970,0
26983,0
27004,0
27028,0
27096,0
27112,0
27128,0
27132,0
27136,0
27155,0
27160,0
27171,0
27202,0
27209,0
27213,0
27218,0
27231,0
27235,0
27240,0
27247,0
27251,0
27294,0
27300,0
27308,0
27313,0
27317,0
27331,0
27358,0
27364,0
27370,0
27374,0
27392,0
27397,0
27403,0
27437,0
27456,0
27481,0
27495,0
27520,0
27536,0
27549,0
27557,0
27576,0
27588,0
27612,0
27617,0
27625,0
27651,0
27659,0
27670,0
27676,0
27680,0
27705,0
27709,0
27717,0
27766,0
27788,0
27829,0
27844,0
27871,0
27881,0
27891,0
27895,0
27902,0
27936,0
27965,0
27977,0
27990,0
28005,0
28023,0
28035,0
28040,0
28051,0
28058,0
28085,0
28111,0
28131,0
28165,0
28169,0
28175,0
28182,0
28198,0
28211,0
28240,0
28251,0
28256,0
28281,0
28293,0
28309,0
28313,0
28351,0
28366,0
28389,0
28411,0
28421,0
28429,0
28447,0
28452,0
28456,0
28468,0
28493,0
28504,0
28516,0
28520,0
28525,0
28540,0
28554,0
28563,0
28568,0
28579,0
28597,0
28624,0
28630,0
28634,0
28697,0
28726,0
28737,0
28759,0
28766,0
28777,0
28783,0
28787,0
28795,0
28818,0
28827,0
28842,0
28866,0
28877,0
28906,0
28939,0
28951,0
28967,0
28977,0
28994,0
29023,0
29034,0
29059,0
29082,0
29094,0
29100,0
29109,0
29132,0
29150,0
29162,0
29172,0
29177,0
29194,0
29205,0
29210,0
29217,0
29237,0
29247,0
29283,0
29290,0
29294,0
29298,0
29303,0
29313,0
29323,0
29363,0
29388,0
29401,0
29417,0
29422,0
29441,0
29485,0
29494,0
29500,0
29510,0
29514,0
29542,0
29571,0
29577,0
29587,0
29672,0
29695,0
29699,0
29710,0
29749,0
29771,0
29810,0
29822,0
29826,0
29832,0
29842,0
29856,0
29860,0
29872,0
29884,0
29897,0
29908,0
29959,0
29979,0
29999,0
30014,0
30023,0
30032,0
30036,0
30041,0
30045,0
30061,0
30108,0
30119,0
30125,0
30144,0
30158,0
30168,0
30172,0
30181,0
30187,0
30205,0
30217,0
30221,0
30238,0
30270,0
30280,0
30290,0
30300,0
30305,0
30309,0
30332,0
30341,0
30368,0
30380,0
30405,0
30410,0
30455,0
30461,0
30469,0
30487,0
30501,0
30512,0
30516,0
30525,0
30540,0
30569,0
30575,0
30599,0
30615,0
30640,0
30650,0
30668,0
30678,0
30689,0
30698,0
30718,0
30736,0
30747,0
30752,0
30838,0
30853,0
30864,0
30884,0
30889,0
30893,0
30903,0
30928,0
30937,0
30947,0
30963,0
30968,0
30986,0
30997,0
31001,0
31014,0
31018,0
31040,0
31049,0
31055,0
31069,0
31078,0
31082,0
31086,0
31101,0
31106,0
31125,0
31160,0
31180,0
31196,0
31215,0
31221,0
31229,0
31256,0
31262,0
31272,0
31289,0
31312,0
31317,0
31325,0
31331,0
31345,0
31359,0
31377,0
31384,0
31389,0
31394,0
31404,0
31409,0
31414,0
31425,0
31437,0
31443,0
31453,0
31457,0
31487,0
31515,0
31524,0
31539,0
31546,0
31550,0
31582,0
31593,0
31636,0
31658,0
31689,0
31713,0
31719,0
31729,0
31787,0
31801,0
31809,0
31854,0
31884,0
31892,0
31915,0
31927,0
31946,0
31951,0
31956,0
32007,0
32016,0
32043,0
32048,0
32058,0
32074,0
32078,0
32092,0
32106,0
32116,0
32129,0
32133,0
32137,0
32159,0
32165,0
32170,0
32177,0
32198,0
32208,0
32218,0
32239,0
32244,0
32256,0
32261,0
32268,0
32314,0
32322,0
32337,0
32341,0
32347,0
32353,0
32389,0
32395,0
32399,0
32411,0
32417,0
32443,0
32447,0
32488,0
32499,0
32508,0
32528,0
32553,0
32571,0
32579,0
32584,0
32600,0
32619,0
32624,0
32664,0
32670,0
32707,0
32725,0
32741,0
32747,0
32753,0
32890,0
32902,0
32913,0
32928,0
32941,0
32951,0
32983,0
32994,0
33007,0
33012,0
33047,0
33055,0
33066,0
33113,0
33122,0
33216,0
33226,0
33231,0
33241,0
33245,0
33267,0
33278,0
33320,0
33330,0
33338,0
33342,0
33360,0
33375,0
33394,0
33399,0
33417,0
33423,0
33428,0
33440,0
33467,0
33489,0
33502,0
33506,0
33529,0
33565,0
33598,0
33616,0
33630,0
33635,0
33640,0
33658,0
33666,0
33684,0
33732,0
33744,0
33755,0
33776,0
33781,0
33785,0
33795,0
33814,0
33822,0
33867,0
33871,0
33877,0
33887,0
33892,0
33929,0
33943,0
33948,0
33959,0
33966,0
33975,0
33981,0
34003,0
34009,0
34013,0
34017,0
34038,0
34050,0
34156,0
34160,0
34168,0
34172,0
34177,0
34187,0
34196,0
34201,0
34249,0
34260,0
34316,0
34349,0
34356,0
34365,0
34374,0
34379,0
34396,0
34405,0
34409,0
34443,0
34454,0
34463,0
34472,0
34479,0
34488,0
34495,0
34512,0
34537,0
34603,0
34608,0
34626,0
34651,0
34657,0
34675,0
34680,0
34685,0
34690,0
34729,0
34738,0
34742,0
34764,0
34770,0
34780,0
34785,0
34790,0
34800,0
34814,0
34829,0
34834,0
34839,0
34885,0
34908,0
34913,0
34925,0
34965,0
34991,0
35009,0
35024,0
35035,0
35056,0
35065,0
35092,0
35097,0
35115,0
35148,0
35152,0
35165,0
35170,0
35174,0
35199,0
35204,0
35218,0
35222,0
35226,0
35236,0
35240,0
35257,0
35261,0
35283,0
35300,0
35304,0
35319,0
35331,0
35352,0
35356,0
35363,0
35385,0
35430,0
35463,0
35486,0
35539,0
35560,0
35564,0
35602,0
35646,0
35711,0
35718,0
35727,0
35770,0
35785,0
35790,0
35795,0
35831,0
35843,0
35865,0
35886,0
35903,0
35910,0
35920,0
35929,0
35933,0
35969,0
36001,0
36025,0
36029,0
36043,0
36089,0
36094,0
36110,0
36119,0
36128,0
36154,0
36205,0
36215,0
36222,0
36255,0
36301,0
36307,0
36318,0
36329,0
36333,0
36337,0
36348,0
36352,0
36362,0
36373,0
36382,0
36401,0
36413,0
36423,0
36450,0
36464,0
36469,0
36474,0
36486,0
36512,0
36517,0
36522,0
36532,0
36547,0
36594,0
36599,0
36614,0
36634,0
36651,0
36657,0
36673,0
36678,0
36698,0
36710,0
36774,0
36778,0
36783,0
36792,0
36805,0
36823,0
36831,0
36836,0
36848,0
36860,0
36869,0
36879,0
36886,0
36891,0
36906,0
36941,0
36963,0
36967,0
36977,0
36984,0
36989,0
37018,0
37022,0
37031,0
37060,0
37076,0
37080,0
37102,0
37115,0
37136,0
37150,0
37203,0
37226,0
37231,0
37250,0
37260,0
37266,0
37277,0
37283,0
37302,0
37311,0
37337,0
37343,0
37380,0
37395,0
37412,0
37441,0
37452,0
37457,0
37466,0
37471,0
37485,0
37494,0
37513,0
37521,0
37547,0
37566,0
37592,0
37598,0
37637,0
37649,0
37663,0
37680,0
37692,0
37697,0
37701,0
37734,0
37740,0
37746,0
37751,0
37770,0
37808,0
37816,0
37820,0
37842,0
37846,0
37856,0
37865,0
37876,0
37880,0
37885,0
37905,0
37917,0
37943,0
37949,0
37968,0
37972,0
37998,0
38004,0
38029,0
38043,0
38056,0
38062,0
38070,0
38074,0
38087,0
38098,0
38120,0
38127,0
38131,0
38171,0
38178,0
38191,0
38195,0
38227,0
38246,0
38251,0
38283,0
38304,0
38316,0
38339,0
38345,0
38349,0
38376,0
38384,0
38390,0
38410,0
38421,0
38429,0
38496,0
38503,0
38547,0
38552,0
38564,0
38610,0
38634,0
38680,0
38690,0
38696,0
38724,0
38728,0
38740,0
38751,0
38755,0
38770,0
38776,0
38786,0
38792,0
38797,0
38817,0
38827,0
38883,0
38915,0
38920,0
38924,0
38938,0
38952,0
38996,0
39022,0
39027,0
39059,0
39064,0
39076,0
39098,0
39105,0
39114,0
39126,0
39143,0
39158,0
39178,0
39182,0
39197,0
39206,0
39230,0
39245,0
39263,0
39272,0
39289,0
39330,0
39352,0
39357,0
39370,0
39387,0
39397,0
39417,0
39422,0
39431,0
39449,0
39453,0
39472,0
39531,0
39542,0
39558,0
39613,0
39617,0
39649,0
39654,0
39707,0
39724,0
39732,0
39745,0
39774,0
39779,0
39800,0
39857,0
39869,0
39908,0
39919,0
39937,0
39942,0
