21,0
62,0
12,0
93,0
105,0
108,0
128,0
24,0
60,0
70,0
107,0
178,0
181,0
189,0
207,0
256,0
262,0
281,0
307,0
314,0
337,0
348,0
354,0
363,0
443,0
447,0
451,0
466,0
507,0
522,0
529,0
566,0
586,0
602,0
606,0
616,0
621,0
643,0
657,0
673,0
678,0
686,0
720,0
724,0
752,0
769,0
794,0
810,0
852,0
857,0
862,0
871,0
927,0
937,0
987,0
996,0
1014,0
1043,0
1059,0
1083,0
1108,0
1137,0
1142,0
1159,0
1175,0
1198,0
1210,0
1231,0
1257,0
1262,0
1282,0
1290,0
1301,0
1306,0
1310,0
1348,0
1380,0
1398,0
1403,0
1408,0
1422,0
1444,0
1449,0
1453,0
1469,0
1487,0
1505,0
1510,0
1515,0
1519,0
1525,0
1534,0
1552,0
1557,0
1576,0
1580,0
1588,0
1592,0
1606,0
1625,0
1633,0
1657,0
1663,0
1674,0
1685,0
1693,0
1712,0
1716,0
1731,0
1753,0
1760,0
1796,0
1801,0
1806,0
1812,0
1821,0
1825,0
1904,0
1908,0
1912,0
1921,0
1925,0
1936,0
1948,0
1974,0
1979,0
2001,0
2006,0
2011,0
2021,0
2027,0
2033,0
2039,0
2076,0
2080,0
2102,0
2117,0
2129,0
2134,0
2139,0
2153,0
2157,0
2171,0
2190,0
2195,0
2201,0
2218,0
2237,0
2245,0
2289,0
2294,0
2299,0
2304,0
2340,0
2367,0
2398,0
2415,0
2426,0
2443,0
2455,0
2505,0
2541,0
2548,0
2576,0
2581,0
2586,0
2591,0
2632,0
2638,0
2678,0
2691,0
2741,0
2763,0
2788,0
2796,0
2800,0
2871,0
2923,0
2930,0
2947,0
2965,0
3005,0
3035,0
3057,0
3061,0
3071,0
3081,0
3091,0
3099,0
3111,0
3122,0
3159,0
3207,0
3216,0
3232,0
3269,0
3274,0
3285,0
3299,0
3307,0
3324,0
3329,0
3341,0
3358,0
3372,0
3441,0
3456,0
3475,0
3500,0
3504,0
3509,0
3536,0
3598,0
3611,0
3636,0
3642,0
3651,0
3662,0
3666,0
3674,0
3682,0
3687,0
3692,0
3699,0
3704,0
3708,0
3750,0
3755,0
3764,0
3775,0
3793,0
3802,0
3854,0
3864,0
3877,0
3881,0
3886,0
3890,0
3899,0
3904,0
3910,0
3921,0
3936,0
3942,0
3951,0
3969,0
3990,0
3996,0
4007,0
4033,0
4087,0
4121,0
4129,0
4135,0
4153,0
4158,0
4162,0
4183,0
4194,0
4202,0
4212,0
4216,0
4221,0
4242,0
4256,0
4261,0
4266,0
4283,0
4319,0
4324,0
4339,0
4348,0
4352,0
4357,0
4366,0
4374,0
4378,0
4384,0
4440,0
4444,0
4489,0
4493,0
4503,0
4556,0
4582,0
4590,0
4605,0
4628,0
4656,0
4679,0
4689,0
4698,0
4714,0
4731,0
4763,0
4789,0
4794,0
4800,0
4810,0
4827,0
4839,0
4845,0
4865,0
4908,0
4939,0
4971,0
4988,0
4998,0
5017,0
5030,0
5050,0
5060,0
5065,0
5071,0
5094,0
5128,0
5185,0
5236,0
5294,0
5298,0
5309,0
5323,0
5333,0
5338,0
5367,0
5400,0
5404,0
5412,0
5420,0
5430,0
5439,0
5455,0
5471,0
5475,0
5494,0
5505,0
5520,0
5533,0
5545,0
5569,0
5579,0
5590,0
5601,0
5607,0
5615,0
5620,0
5625,0
5676,0
5689,0
5699,0
5713,0
5720,0
5724,0
5754,0
5762,0
5784,0
5794,0
5815,0
5820,0
5825,0
5838,0
5850,0
5879,0
5894,0
5906,0
5921,0
5934,0
5939,0
5972,0
5986,0
5992,0
6012,0
6017,0
6055,0
6068,0
6106,0
6124,0
6160,0
6181,0
6195,0
6245,0
6273,0
6277,0
6314,0
6342,0
6347,0
6370,0
6377,0
6381,0
6410,0
6448,0
6453,0
6466,0
6470,0
6494,0
6508,0
6567,0
6587,0
6605,0
6629,0
6645,0
6657,0
6677,0
6713,0
6719,0
6738,0
6779,0
6817,0
6822,0
6828,0
6848,0
6868,0
6880,0
6930,0
6936,0
6940,0
6945,0
6949,0
6979,0
6984,0
6994,0
7014,0
7028,0
7063,0
7083,0
7087,0
7098,0
7108,0
7112,0
7120,0
7147,0
7157,0
7162,0
7173,0
7184,0
7199,0
7203,0
7218,0
7226,0
7231,0
7262,0
7269,0
7273,0
7300,0
7311,0
7350,0
7364,0
7379,0
7388,0
7400,0
7408,0
7421,0
7485,0
7489,0
7506,0
7521,0
7534,0
7545,0
7554,0
7585,0
7590,0
7594,0
7632,0
7636,0
7646,0
7675,0
7682,0
7699,0
7711,0
7723,0
7745,0
7749,0
7764,0
7776,0
7802,0
7807,0
7818,0
7822,0
7832,0
7876,0
7886,0
7903,0
7913,0
7919,0
7927,0
7946,0
7967,0
7974,0
7993,0
7997,0
8027,0
8031,0
8043,0
8060,0
8089,0
8118,0
8123,0
8134,0
8152,0
8161,0
8173,0
8177,0
8190,0
8200,0
8215,0
8241,0
8246,0
8327,0
8353,0
8369,0
8377,0
8383,0
8393,0
8419,0
8429,0
8435,0
8449,0
8453,0
8458,0
8475,0
8480,0
8484,0
8489,0
8498,0
8511,0
8530,0
8540,0
8544,0
8563,0
8601,0
8626,0
8631,0
8640,0
8644,0
8649,0
8660,0
8665,0
8702,0
8724,0
8748,0
8755,0
8760,0
8792,0
8802,0
8811,0
8828,0
8859,0
8915,0
8919,0
8939,0
8951,0
8965,0
8971,0
8980,0
9013,0
9049,0
9091,0
9108,0
9112,0
9133,0
9185,0
9195,0
9215,0
9237,0
9255,0
9259,0
9266,0
9275,0
9291,0
9306,0
9317,0
9328,0
9357,0
9381,0
9411,0
9426,0
9435,0
9476,0
9492,0
9512,0
9517,0
9552,0
9567,0
9571,0
9586,0
9590,0
9597,0
9615,0
9621,0
9640,0
9678,0
9702,0
9712,0
9735,0
9753,0
9758,0
9820,0
9842,0
9856,0
9874,0
9949,0
9957,0
9974,0
9986,0
9992,0
10033,0
10049,0
10063,0
10068,0
10078,0
10098,0
10122,0
10127,0
10165,0
10172,0
10195,0
10199,0
10203,0
10223,0
10235,0
10242,0
10287,0
10296,0
10316,0
10322,0
10365,0
10374,0
10387,0
10391,0
10425,0
10443,0
10459,0
10481,0
10500,0
10510,0
10523,0
10532,0
10546,0
10554,0
10559,0
10563,0
10579,0
10614,0
10624,0
10632,0
10640,0
10706,0
10711,0
10720,0
10724,0
10738,0
10745,0
10757,0
10765,0
10771,0
10796,0
10802,0
10808,0
10817,0
10845,0
10866,0
10876,0
10886,0
10902,0
10906,0
10921,0
10929,0
10941,0
10947,0
10990,0
10995,0
11007,0
11060,0
11103,0
11161,0
11165,0
11189,0
11197,0
11203,0
11221,0
11236,0
11242,0
11311,0
11316,0
11325,0
11380,0
11417,0
11452,0
11473,0
11493,0
11501,0
11507,0
11520,0
11535,0
11542,0
11547,0
11567,0
11588,0
11605,0
11627,0
11632,0
11642,0
11669,0
11675,0
11680,0
11693,0
11715,0
11730,0
11734,0
11792,0
11813,0
11838,0
11845,0
11852,0
11881,0
11897,0
11901,0
11916,0
11920,0
11949,0
11953,0
12001,0
12013,0
12018,0
12025,0
12039,0
12043,0
12050,0
12057,0
12071,0
12082,0
12095,0
12101,0
12106,0
12111,0
12138,0
12142,0
12176,0
12217,0
12234,0
12241,0
12260,0
12275,0
12280,0
12290,0
12302,0
12307,0
12312,0
12324,0
12337,0
12354,0
12360,0
12373,0
12378,0
12400,0
12426,0
12440,0
12447,0
12452,0
12456,0
12460,0
12509,0
12519,0
12535,0
12552,0
12578,0
12599,0
12608,0
12620,0
12629,0
12653,0
12665,0
12686,0
12690,0
12712,0
12732,0
12756,0
12760,0
12776,0
12792,0
12807,0
12823,0
12833,0
12847,0
12863,0
12889,0
12903,0
12923,0
12961,0
12976,0
12998,0
13075,0
13101,0
13125,0
13144,0
13157,0
13167,0
13173,0
13184,0
13196,0
13251,0
13272,0
13284,0
13309,0
13320,0
13325,0
13332,0
13342,0
13376,0
13381,0
13387,0
13420,0
13426,0
13431,0
13442,0
13495,0
13505,0
13525,0
13567,0
13572,0
13582,0
13597,0
13613,0
13629,0
13638,0
13643,0
13685,0
13693,0
13713,0
13746,0
13751,0
13810,0
13822,0
13845,0
13868,0
13881,0
13916,0
13929,0
13933,0
13939,0
13943,0
13963,0
13971,0
13995,0
14004,0
14020,0
14041,0
14055,0
14077,0
14091,0
14096,0
14112,0
14118,0
14123,0
14129,0
14138,0
14147,0
14159,0
14172,0
14180,0
14204,0
14242,0
14250,0
14259,0
14284,0
14289,0
14303,0
14318,0
14323,0
14330,0
14339,0
14371,0
14375,0
14386,0
14396,0
14425,0
14456,0
14465,0
14478,0
14482,0
14489,0
14524,0
14529,0
14538,0
14566,0
14607,0
14653,0
14657,0
14663,0
14676,0
14682,0
14698,0
14742,0
14757,0
14766,0
14775,0
14792,0
14804,0
14832,0
14847,0
14881,0
14904,0
14913,0
14929,0
14935,0
14972,0
14982,0
14987,0
14992,0
15001,0
15011,0
15057,0
15073,0
15078,0
15087,0
15138,0
15149,0
15157,0
15200,0
15212,0
15218,0
15246,0
15268,0
15276,0
15282,0
15292,0
15312,0
15325,0
15330,0
15357,0
15363,0
15368,0
15373,0
15379,0
15383,0
15396,0
15424,0
15429,0
15442,0
15460,0
15480,0
15484,0
15500,0
15526,0
15560,0
15565,0
15597,0
15601,0
15607,0
15636,0
15647,0
15652,0
15664,0
15723,0
15743,0
15751,0
15762,0
15770,0
15774,0
15795,0
15807,0
15827,0
15837,0
15842,0
15864,0
15870,0
15874,0
15882,0
15889,0
15902,0
15908,0
15913,0
15917,0
15927,0
15946,0
15964,0
15968,0
15972,0
15981,0
16010,0
16035,0
16039,0
16043,0
16053,0
16076,0
16086,0
16102,0
16120,0
16161,0
16170,0
16191,0
16196,0
16226,0
16232,0
16258,0
16265,0
16296,0
16301,0
16305,0
16310,0
16316,0
16341,0
16347,0
16359,0
16375,0
16381,0
16385,0
16389,0
16394,0
16404,0
16416,0
16436,0
16440,0
16444,0
16452,0
16464,0
16522,0
16526,0
16535,0
16545,0
16549,0
16579,0
16596,0
16634,0
16650,0
16654,0
16676,0
16685,0
16726,0
16739,0
16743,0
16756,0
16792,0
16804,0
16814,0
16829,0
16853,0
16858,0
16862,0
16909,0
16920,0
16940,0
16945,0
16957,0
16997,0
17014,0
17023,0
17028,0
17039,0
17051,0
17068,0
17092,0
17104,0
17112,0
17128,0
17135,0
17161,0
17179,0
17183,0
17229,0
17234,0
17241,0
17246,0
17260,0
17323,0
17327,0
17336,0
17346,0
17363,0
17369,0
17375,0
17385,0
17409,0
17434,0
17440,0
17455,0
17459,0
17464,0
17474,0
17483,0
17487,0
17495,0
17510,0
17514,0
17529,0
17535,0
17539,0
17550,0
17554,0
17568,0
17581,0
17587,0
17599,0
17621,0
17627,0
17634,0
17638,0
17669,0
17673,0
17686,0
17695,0
17713,0
17731,0
17773,0
17797,0
17803,0
17818,0
17850,0
17872,0
17881,0
17901,0
17905,0
17911,0
17921,0
17940,0
17945,0
17959,0
18044,0
18059,0
18077,0
18110,0
18145,0
18156,0
18165,0
18170,0
18175,0
18186,0
18191,0
18196,0
18203,0
18235,0
18247,0
18279,0
18297,0
18305,0
18310,0
18365,0
18380,0
18387,0
18391,0
18440,0
18467,0
18478,0
18495,0
18523,0
18532,0
18536,0
18540,0
18598,0
18618,0
18623,0
18637,0
18642,0
18647,0
18653,0
18666,0
18670,0
18713,0
18726,0
18749,0
18757,0
18779,0
18795,0
18800,0
18810,0
18837,0
18897,0
18902,0
18912,0
18916,0
18946,0
18957,0
18972,0
18999,0
19003,0
19014,0
19035,0
19039,0
19068,0
19073,0
19124,0
19133,0
19204,0
19215,0
19249,0
19274,0
19285,0
19296,0
19301,0
19333,0
19341,0
19366,0
19380,0
19392,0
19397,0
19419,0
19424,0
19488,0
19493,0
19497,0
19502,0
19506,0
19529,0
19535,0
19554,0
19565,0
19571,0
19576,0
19582,0
19604,0
19634,0
19643,0
19648,0
19667,0
19674,0
19720,0
19734,0
19758,0
19768,0
19797,0
19801,0
19808,0
19827,0
19832,0
19838,0
19844,0
19848,0
19853,0
19876,0
19881,0
19885,0
19923,0
19936,0
19950,0
19966,0
19983,0
20010,0
20066,0
20072,0
20079,0
20083,0
20093,0
20120,0
20124,0
20134,0
20138,0
20143,0
20147,0
20162,0
20188,0
20203,0
20234,0
20249,0
20253,0
20286,0
20303,0
20307,0
20316,0
20382,0
20389,0
20422,0
20427,0
20436,0
20461,0
20465,0
20478,0
20497,0
20537,0
20550,0
20556,0
20596,0
20668,0
20679,0
20690,0
20717,0
20722,0
20726,0
20752,0
20770,0
20794,0
20798,0
20804,0
20813,0
20818,0
20824,0
20865,0
20884,0
20893,0
20914,0
20928,0
20934,0
20954,0
20963,0
20967,0
20975,0
20986,0
21009,0
21024,0
21033,0
21042,0
21055,0
21059,0
21093,0
21108,0
21123,0
21134,0
21156,0
21160,0
21168,0
21177,0
21206,0
21215,0
21226,0
21243,0
21252,0
21273,0
21279,0
21298,0
21305,0
21316,0
21335,0
21357,0
21363,0
21372,0
21383,0
21394,0
21415,0
21425,0
21443,0
21469,0
21496,0
21507,0
21531,0
21540,0
21579,0
21595,0
21606,0
21611,0
21634,0
21643,0
21648,0
21658,0
21682,0
21687,0
21709,0
21717,0
21746,0
21782,0
21802,0
21812,0
21822,0
21859,0
21868,0
21883,0
21887,0
21898,0
21931,0
21935,0
21940,0
21947,0
21956,0
21974,0
21996,0
22005,0
22009,0
22072,0
22105,0
22109,0
22133,0
22165,0
22193,0
22212,0
22237,0
22251,0
22261,0
22297,0
22307,0
22321,0
22353,0
22364,0
22369,0
22384,0
22416,0
22423,0
22438,0
22446,0
22455,0
22464,0
22469,0
22497,0
22515,0
22521,0
22554,0
22563,0
22568,0
22572,0
22612,0
22616,0
22621,0
22643,0
22659,0
22666,0
22676,0
22692,0
22703,0
22719,0
22739,0
22747,0
22752,0
22757,0
22777,0
22798,0
22803,0
22823,0
22860,0
22865,0
22870,0
22900,0
23003,0
23027,0
23042,0
23051,0
23088,0
23096,0
23113,0
23146,0
23155,0
23160,0
23182,0
23193,0
23214,0
23250,0
23254,0
23271,0
23289,0
23306,0
23321,0
23337,0
23341,0
23345,0
23352,0
23368,0
23386,0
23391,0
23407,0
23462,0
23485,0
23501,0
23520,0
23579,0
23583,0
23594,0
23606,0
23638,0
23667,0
23678,0
23693,0
23707,0
23711,0
23727,0
23744,0
23766,0
23770,0
23774,0
23813,0
23827,0
23832,0
23838,0
23853,0
23862,0
23872,0
23899,0
23923,0
23965,0
23970,0
24033,0
24043,0
24053,0
24063,0
24068,0
24073,0
24082,0
24086,0
24094,0
24110,0
24154,0
24159,0
24173,0
24183,0
24191,0
24200,0
24218,0
24231,0
24261,0
24276,0
24282,0
24321,0
24327,0
24355,0
24408,0
24425,0
24440,0
24445,0
24453,0
24485,0
24498,0
24517,0
24532,0
24537,0
24542,0
24546,0
24568,0
24589,0
24600,0
24623,0
24634,0
24642,0
24666,0
24670,0
24678,0
24707,0
24722,0
24769,0
24773,0
24777,0
24785,0
24803,0
24816,0
24820,0
24838,0
24867,0
24885,0
24892,0
24914,0
24937,0
24948,0
24969,0
25027,0
25035,0
25039,0
25069,0
25137,0
25150,0
25164,0
25181,0
25188,0
25211,0
25217,0
25233,0
25246,0
25257,0
25270,0
25297,0
25307,0
25322,0
25326,0
25330,0
25340,0
25345,0
25384,0
25395,0
25402,0
25412,0
25417,0
25438,0
25456,0
25467,0
25506,0
25517,0
25523,0
25546,0
25550,0
25555,0
25615,0
25638,0
25661,0
25677,0
25681,0
25690,0
25717,0
25746,0
25773,0
25787,0
25808,0
25826,0
25851,0
25870,0
25893,0
25928,0
25932,0
25943,0
25989,0
26003,0
26030,0
26045,0
26052,0
26075,0
26080,0
26096,0
26150,0
26171,0
26180,0
26201,0
26241,0
26272,0
26276,0
26293,0
26301,0
26306,0
26326,0
26335,0
26349,0
26355,0
26379,0
26399,0
26437,0
26471,0
26475,0
26481,0
26496,0
26514,0
26520,0
26536,0
26546,0
26550,0
26556,0
26563,0
26584,0
26589,0
26594,0
26599,0
26613,0
26628,0
26643,0
26677,0
26686,0
26690,0
26695,0
26704,0
26709,0
26723,0
26764,0
26781,0
26809,0
26819,0
26825,0
26831,0
26836,0
26849,0
26859,0
26877,0
26890,0
26907,0
26913,0
26927,0
26933,0
26986,0
27001,0
27012,0
27017,0
27022,0
27042,0
27047,0
27097,0
27127,0
27169,0
27181,0
27185,0
27190,0
27204,0
27216,0
27238,0
27282,0
27287,0
27291,0
27296,0
27319,0
27329,0
27348,0
27360,0
27388,0
27402,0
27407,0
27428,0
27442,0
27447,0
27457,0
27462,0
27467,0
27518,0
27546,0
27572,0
27580,0
27584,0
27596,0
27600,0
27604,0
27608,0
27638,0
27658,0
27663,0
27672,0
27692,0
27698,0
27710,0
27718,0
27729,0
27737,0
27747,0
27751,0
27762,0
27774,0
27778,0
27783,0
27792,0
27797,0
27819,0
27824,0
27840,0
27855,0
27899,0
27906,0
27913,0
27918,0
27952,0
27995,0
28024,0
28045,0
28053,0
28064,0
28069,0
28095,0
28137,0
28155,0
28173,0
28178,0
28229,0
28249,0
28266,0
28278,0
28285,0
28290,0
28297,0
28305,0
28324,0
28338,0
28343,0
28348,0
28364,0
28376,0
28406,0
28413,0
28424,0
28433,0
28502,0
28536,0
28580,0
28584,0
28591,0
28629,0
28662,0
28667,0
28675,0
28703,0
28720,0
28749,0
28754,0
28758,0
28806,0
28848,0
28860,0
28874,0
28883,0
28900,0
28905,0
28944,0
28949,0
29001,0
29005,0
29018,0
29045,0
29049,0
29060,0
29066,0
29083,0
29092,0
29097,0
29110,0
29120,0
29125,0
29134,0
29152,0
29214,0
29245,0
29250,0
29254,0
29263,0
29267,0
29271,0
29281,0
29286,0
29308,0
29314,0
29324,0
29347,0
29375,0
29387,0
29396,0
29411,0
29415,0
29449,0
29457,0
29488,0
29516,0
29530,0
29534,0
29549,0
29553,0
29573,0
29582,0
29616,0
29658,0
29668,0
29678,0
29689,0
29736,0
29752,0
29758,0
29769,0
29795,0
29833,0
29841,0
29853,0
29863,0
29867,0
29876,0
29880,0
29905,0
29921,0
29926,0
29947,0
29951,0
29975,0
29984,0
29996,0
30019,0
30060,0
30088,0
30094,0
30098,0
30136,0
30164,0
30186,0
30204,0
30231,0
30235,0
30241,0
30254,0
30268,0
30278,0
30302,0
30316,0
30321,0
30325,0
30349,0
30359,0
30364,0
30377,0
30391,0
30406,0
30460,0
30497,0
30511,0
30537,0
30544,0
30548,0
30557,0
30574,0
30579,0
30590,0
30594,0
30600,0
30611,0
30620,0
30632,0
30641,0
30658,0
30679,0
30734,0
30745,0
30765,0
30770,0
30775,0
30787,0
30792,0
30842,0
30861,0
30876,0
30899,0
30909,0
30913,0
30918,0
30990,0
31012,0
31029,0
31038,0
31051,0
31065,0
31092,0
31097,0
31138,0
31158,0
31163,0
31167,0
31193,0
31239,0
31244,0
31264,0
31284,0
31303,0
31318,0
31322,0
31332,0
31338,0
31344,0
31372,0
31382,0
31406,0
31412,0
31420,0
31427,0
31438,0
31445,0
31450,0
31491,0
31500,0
31520,0
31542,0
31558,0
31562,0
31568,0
31609,0
31615,0
31623,0
31683,0
31696,0
31707,0
31720,0
31725,0
31731,0
31740,0
31745,0
31754,0
31759,0
31763,0
31777,0
31791,0
31808,0
31838,0
31846,0
31851,0
31856,0
31871,0
31880,0
31887,0
31891,0
31920,0
31937,0
31941,0
31947,0
31954,0
31965,0
32033,0
32062,0
32073,0
32091,0
32096,0
32104,0
32114,0
32145,0
32154,0
32171,0
32176,0
32186,0
32200,0
32205,0
32226,0
32231,0
32241,0
32248,0
32253,0
32265,0
32276,0
32284,0
32299,0
32343,0
32348,0
32382,0
32392,0
32426,0
32449,0
32463,0
32470,0
32475,0
32480,0
32484,0
32490,0
32497,0
32512,0
32540,0
32567,0
32589,0
32599,0
32608,0
32618,0
32627,0
32631,0
32635,0
32644,0
32648,0
32653,0
32665,0
32680,0
32690,0
32700,0
32723,0
32730,0
32736,0
32746,0
32772,0
32781,0
32787,0
32792,0
32802,0
32821,0
32839,0
32850,0
32857,0
32868,0
32889,0
32901,0
32923,0
32931,0
32949,0
32986,0
33000,0
33010,0
33019,0
33039,0
33061,0
33081,0
33085,0
33129,0
33135,0
33174,0
33193,0
33207,0
33212,0
33219,0
33280,0
33309,0
33328,0
33372,0
33379,0
33387,0
33414,0
33426,0
33437,0
33447,0
33466,0
33487,0
33517,0
33561,0
33578,0
33587,0
33593,0
33613,0
33638,0
33644,0
33675,0
33696,0
33700,0
33738,0
33749,0
33753,0
33808,0
33829,0
33834,0
33850,0
33888,0
33899,0
33924,0
33934,0
33945,0
33979,0
33994,0
34008,0
34023,0
34035,0
34041,0
34045,0
34053,0
34066,0
34078,0
34095,0
34099,0
34128,0
34155,0
34163,0
34214,0
34239,0
34244,0
34248,0
34263,0
34267,0
34285,0
34321,0
34327,0
34332,0
34343,0
34357,0
34399,0
34423,0
34428,0
34448,0
34464,0
34475,0
34511,0
34521,0
34525,0
34531,0
34548,0
34573,0
34610,0
34628,0
34633,0
34642,0
34647,0
34661,0
34746,0
34771,0
34775,0
34781,0
34827,0
34846,0
34851,0
34856,0
34860,0
34903,0
34916,0
34921,0
34936,0
34941,0
34945,0
34950,0
34963,0
34990,0
34996,0
35025,0
35036,0
35042,0
35046,0
35093,0
35142,0
35147,0
35157,0
35177,0
35205,0
35242,0
35255,0
35263,0
35282,0
35315,0
35349,0
35360,0
35369,0
35382,0
35387,0
35391,0
35417,0
35423,0
35442,0
35457,0
35464,0
35468,0
35513,0
35518,0
35528,0
35536,0
35545,0
35549,0
35553,0
35557,0
35569,0
35585,0
35589,0
35601,0
35613,0
35625,0
35670,0
35678,0
35729,0
35749,0
35754,0
35759,0
35768,0
35809,0
35818,0
35823,0
35827,0
35833,0
35838,0
35847,0
35851,0
35864,0
35869,0
35874,0
35890,0
35896,0
35902,0
35915,0
35942,0
35946,0
35959,0
35971,0
35986,0
36035,0
36039,0
36062,0
36080,0
36086,0
36117,0
36139,0
36161,0
36174,0
36193,0
36197,0
36236,0
36253,0
36270,0
36275,0
36279,0
36306,0
36311,0
36365,0
36371,0
36378,0
36424,0
36444,0
36453,0
36461,0
36477,0
36501,0
36519,0
36524,0
36551,0
36566,0
36602,0
36607,0
36635,0
36639,0
36663,0
36717,0
36726,0
36757,0
36767,0
36786,0
36791,0
36812,0
36817,0
36827,0
36840,0
36853,0
36870,0
36880,0
36900,0
36928,0
36932,0
36953,0
36985,0
36999,0
37008,0
37012,0
37035,0
37041,0
37045,0
37059,0
37075,0
37096,0
37105,0
37109,0
37118,0
37126,0
37164,0
37168,0
37189,0
37210,0
37223,0
37239,0
37248,0
37253,0
37263,0
37280,0
37286,0
37296,0
37300,0
37322,0
37342,0
37353,0
37390,0
37401,0
37411,0
37418,0
37428,0
37448,0
37453,0
37491,0
37538,0
37542,0
37590,0
37605,0
37620,0
37640,0
37650,0
37670,0
37706,0
37730,0
37739,0
37754,0
37764,0
37774,0
37786,0
37809,0
37833,0
37850,0
37867,0
37894,0
37901,0
37921,0
37947,0
37954,0
37960,0
37965,0
37978,0
37984,0
37994,0
38001,0
38014,0
38030,0
38039,0
38044,0
38054,0
38080,0
38085,0
38095,0
38100,0
38124,0
38134,0
38139,0
38167,0
38182,0
38190,0
38198,0
38226,0
38248,0
38264,0
38285,0
38290,0
38307,0
38317,0
38330,0
38334,0
38338,0
38343,0
38358,0
38402,0
38419,0
38433,0
38441,0
38445,0
38460,0
38465,0
38474,0
38480,0
38493,0
38499,0
38505,0
38510,0
38535,0
38563,0
38586,0
38603,0
38632,0
38643,0
38648,0
38652,0
38658,0
38688,0
38736,0
38743,0
38785,0
38790,0
38800,0
38825,0
38839,0
38859,0
38863,0
38867,0
38891,0
38907,0
38912,0
38955,0
38966,0
38985,0
38990,0
39008,0
39024,0
39033,0
39037,0
39049,0
39069,0
39099,0
39118,0
39135,0
39140,0
39171,0
39184,0
39210,0
39214,0
39232,0
39260,0
39294,0
39298,0
39303,0
39322,0
39339,0
39350,0
39355,0
39361,0
39365,0
39374,0
39378,0
39392,0
39407,0
39427,0
39470,0
39481,0
39485,0
39490,0
39543,0
39553,0
39557,0
39599,0
39604,0
39618,0
39622,0
39636,0
39640,0
39648,0
39660,0
39670,0
39674,0
39705,0
39719,0
39733,0
39737,0
39750,0
39768,0
39778,0
39785,0
39827,0
39832,0
39858,0
39866,0
39916,0
39923,0
39941,0
