30,0
41,0
14,0
73,0
79,0
90,0
135,0
139,0
142,0
159,0
164,0
91,0
167,0
188,0
197,0
206,0
46,0
183,0
260,0
267,0
279,0
306,0
313,0
319,0
324,0
329,0
335,0
346,0
362,0
367,0
395,0
412,0
442,0
482,0
498,0
514,0
521,0
533,0
585,0
605,0
614,0
635,0
647,0
668,0
677,0
689,0
699,0
719,0
741,0
746,0
785,0
798,0
807,0
814,0
824,0
829,0
874,0
878,0
899,0
926,0
930,0
935,0
942,0
972,0
976,0
1008,0
1026,0
1046,0
1052,0
1063,0
1082,0
1117,0
1173,0
1187,0
1277,0
1289,0
1305,0
1321,0
1347,0
1357,0
1370,0
1379,0
1397,0
1415,0
1421,0
1439,0
1443,0
1448,0
1457,0
1478,0
1498,0
1509,0
1514,0
1518,0
1528,0
1547,0
1551,0
1563,0
1571,0
1579,0
1583,0
1605,0
1619,0
1632,0
1636,0
1652,0
1662,0
1677,0
1684,0
1688,0
1715,0
1734,0
1739,0
1764,0
1772,0
1778,0
1800,0
1805,0
1811,0
1837,0
1865,0
1896,0
1911,0
1915,0
1920,0
1924,0
1930,0
1935,0
1994,0
2004,0
2032,0
2051,0
2085,0
2101,0
2110,0
2124,0
2137,0
2169,0
2193,0
2230,0
2236,0
2244,0
2248,0
2255,0
2264,0
2332,0
2339,0
2345,0
2360,0
2371,0
2389,0
2425,0
2435,0
2464,0
2479,0
2484,0
2490,0
2501,0
2509,0
2528,0
2553,0
2580,0
2600,0
2610,0
2624,0
2628,0
2670,0
2685,0
2712,0
2761,0
2783,0
2795,0
2811,0
2866,0
2870,0
2875,0
2890,0
2898,0
2933,0
2946,0
2960,0
2964,0
2970,0
2993,0
3012,0
3017,0
3021,0
3030,0
3034,0
3038,0
3051,0
3070,0
3074,0
3080,0
3094,0
3098,0
3108,0
3115,0
3130,0
3172,0
3210,0
3215,0
3251,0
3277,0
3320,0
3328,0
3344,0
3377,0
3383,0
3435,0
3448,0
3469,0
3479,0
3494,0
3503,0
3518,0
3535,0
3560,0
3575,0
3597,0
3665,0
3673,0
3691,0
3721,0
3762,0
3769,0
3778,0
3801,0
3834,0
3846,0
3859,0
3903,0
3913,0
3919,0
3927,0
3962,0
3968,0
3978,0
3983,0
4006,0
4011,0
4025,0
4032,0
4044,0
4062,0
4070,0
4074,0
4085,0
4104,0
4128,0
4156,0
4167,0
4171,0
4192,0
4215,0
4220,0
4230,0
4235,0
4260,0
4265,0
4276,0
4307,0
4313,0
4323,0
4328,0
4347,0
4377,0
4393,0
4403,0
4412,0
4420,0
4426,0
4439,0
4460,0
4465,0
4492,0
4502,0
4517,0
4571,0
4576,0
4623,0
4655,0
4669,0
4702,0
4740,0
4754,0
4762,0
4777,0
4781,0
4787,0
4803,0
4808,0
4830,0
4834,0
4850,0
4864,0
4878,0
4905,0
4912,0
4918,0
4934,0
4943,0
5009,0
5037,0
5054,0
5069,0
5074,0
5093,0
5126,0
5133,0
5147,0
5153,0
5161,0
5165,0
5188,0
5212,0
5221,0
5228,0
5249,0
5258,0
5263,0
5278,0
5302,0
5322,0
5366,0
5377,0
5386,0
5411,0
5419,0
5442,0
5460,0
5466,0
5513,0
5538,0
5548,0
5563,0
5573,0
5578,0
5593,0
5605,0
5610,0
5618,0
5651,0
5655,0
5662,0
5667,0
5672,0
5681,0
5692,0
5696,0
5707,0
5718,0
5723,0
5732,0
5744,0
5753,0
5766,0
5772,0
5793,0
5798,0
5813,0
5828,0
5837,0
5871,0
5875,0
5885,0
5893,0
5899,0
5927,0
5933,0
5937,0
5960,0
5971,0
5984,0
5995,0
5999,0
6003,0
6007,0
6021,0
6045,0
6050,0
6067,0
6073,0
6077,0
6085,0
6097,0
6128,0
6136,0
6159,0
6165,0
6176,0
6188,0
6207,0
6233,0
6259,0
6276,0
6282,0
6295,0
6307,0
6317,0
6326,0
6341,0
6346,0
6356,0
6375,0
6380,0
6385,0
6391,0
6402,0
6438,0
6451,0
6469,0
6477,0
6492,0
6507,0
6534,0
6553,0
6557,0
6590,0
6594,0
6610,0
6614,0
6644,0
6656,0
6662,0
6667,0
6671,0
6676,0
6681,0
6695,0
6699,0
6722,0
6732,0
6736,0
6762,0
6792,0
6796,0
6800,0
6821,0
6838,0
6842,0
6865,0
6876,0
6884,0
6895,0
6929,0
6944,0
6970,0
6993,0
7020,0
7036,0
7046,0
7086,0
7097,0
7150,0
7155,0
7165,0
7172,0
7211,0
7221,0
7225,0
7248,0
7256,0
7318,0
7333,0
7344,0
7359,0
7363,0
7373,0
7424,0
7439,0
7445,0
7479,0
7502,0
7509,0
7515,0
7524,0
7552,0
7572,0
7598,0
7605,0
7631,0
7635,0
7649,0
7658,0
7664,0
7691,0
7703,0
7771,0
7817,0
7821,0
7830,0
7836,0
7847,0
7881,0
7885,0
7893,0
7922,0
7926,0
7945,0
7951,0
7957,0
7972,0
7996,0
8040,0
8068,0
8073,0
8078,0
8083,0
8106,0
8126,0
8151,0
8156,0
8160,0
8180,0
8199,0
8204,0
8214,0
8221,0
8240,0
8244,0
8301,0
8307,0
8324,0
8330,0
8347,0
8362,0
8381,0
8392,0
8412,0
8439,0
8443,0
8478,0
8502,0
8509,0
8521,0
8548,0
8558,0
8562,0
8567,0
8608,0
8625,0
8639,0
8669,0
8696,0
8701,0
8728,0
8733,0
8752,0
8780,0
8801,0
8805,0
8851,0
8857,0
8863,0
8878,0
8888,0
8950,0
8960,0
8984,0
8990,0
9030,0
9036,0
9057,0
9079,0
9090,0
9116,0
9132,0
9144,0
9159,0
9177,0
9189,0
9194,0
9206,0
9214,0
9220,0
9224,0
9253,0
9274,0
9294,0
9321,0
9345,0
9351,0
9392,0
9409,0
9414,0
9420,0
9424,0
9452,0
9462,0
9475,0
9496,0
9501,0
9507,0
9515,0
9521,0
9551,0
9561,0
9575,0
9589,0
9593,0
9653,0
9677,0
9706,0
9757,0
9766,0
9796,0
9800,0
9811,0
9823,0
9837,0
9841,0
9845,0
9867,0
9894,0
9898,0
9907,0
9920,0
9942,0
9947,0
9960,0
10005,0
10013,0
10022,0
10026,0
10053,0
10057,0
10062,0
10067,0
10076,0
10117,0
10121,0
10131,0
10153,0
10213,0
10222,0
10246,0
10266,0
10302,0
10306,0
10310,0
10326,0
10331,0
10350,0
10355,0
10368,0
10420,0
10430,0
10446,0
10452,0
10476,0
10489,0
10503,0
10521,0
10531,0
10552,0
10558,0
10566,0
10571,0
10599,0
10644,0
10677,0
10690,0
10696,0
10701,0
10710,0
10719,0
10764,0
10770,0
10787,0
10801,0
10807,0
10857,0
10861,0
10870,0
10885,0
10901,0
10940,0
11018,0
11042,0
11059,0
11064,0
11075,0
11097,0
11106,0
11129,0
11142,0
11158,0
11177,0
11188,0
11224,0
11229,0
11235,0
11269,0
11315,0
11332,0
11338,0
11348,0
11383,0
11431,0
11435,0
11451,0
11460,0
11487,0
11496,0
11511,0
11534,0
11541,0
11574,0
11625,0
11651,0
11661,0
11683,0
11687,0
11713,0
11729,0
11733,0
11753,0
11789,0
11806,0
11817,0
11823,0
11909,0
11915,0
11924,0
11937,0
11944,0
11973,0
11980,0
11985,0
12000,0
12012,0
12017,0
12076,0
12081,0
12094,0
12137,0
12141,0
12159,0
12164,0
12201,0
12220,0
12224,0
12233,0
12240,0
12259,0
12263,0
12278,0
12295,0
12327,0
12341,0
12348,0
12363,0
12381,0
12387,0
12391,0
12395,0
12399,0
12430,0
12435,0
12439,0
12450,0
12469,0
12476,0
12485,0
12490,0
12503,0
12508,0
12513,0
12524,0
12529,0
12538,0
12547,0
12551,0
12576,0
12582,0
12592,0
12598,0
12628,0
12647,0
12658,0
12663,0
12673,0
12678,0
12703,0
12707,0
12721,0
12740,0
12751,0
12769,0
12795,0
12810,0
12846,0
12888,0
12922,0
12928,0
12936,0
12941,0
12967,0
12995,0
13028,0
13037,0
13047,0
13074,0
13078,0
13082,0
13091,0
13190,0
13209,0
13217,0
13222,0
13249,0
13254,0
13264,0
13308,0
13312,0
13319,0
13324,0
13336,0
13341,0
13368,0
13394,0
13400,0
13405,0
13414,0
13418,0
13446,0
13456,0
13461,0
13472,0
13481,0
13498,0
13524,0
13529,0
13536,0
13546,0
13551,0
13561,0
13570,0
13580,0
13601,0
13608,0
13625,0
13637,0
13674,0
13691,0
13711,0
13750,0
13769,0
13809,0
13831,0
13852,0
13858,0
13866,0
13892,0
13899,0
13904,0
13915,0
13956,0
13970,0
13980,0
13989,0
14003,0
14029,0
14045,0
14068,0
14075,0
14086,0
14090,0
14095,0
14110,0
14121,0
14133,0
14151,0
14157,0
14162,0
14183,0
14188,0
14203,0
14212,0
14216,0
14226,0
14234,0
14253,0
14258,0
14264,0
14270,0
14275,0
14282,0
14293,0
14334,0
14338,0
14352,0
14378,0
14385,0
14410,0
14414,0
14428,0
14434,0
14468,0
14477,0
14487,0
14501,0
14507,0
14512,0
14528,0
14559,0
14570,0
14586,0
14615,0
14620,0
14641,0
14670,0
14692,0
14711,0
14722,0
14735,0
14769,0
14807,0
14835,0
14868,0
14872,0
14886,0
14892,0
14917,0
14924,0
14928,0
14943,0
14965,0
14995,0
15016,0
15020,0
15030,0
15045,0
15052,0
15056,0
15077,0
15107,0
15123,0
15162,0
15179,0
15194,0
15217,0
15222,0
15240,0
15259,0
15263,0
15324,0
15356,0
15371,0
15418,0
15441,0
15449,0
15458,0
15469,0
15483,0
15489,0
15499,0
15518,0
15524,0
15540,0
15559,0
15570,0
15581,0
15586,0
15596,0
15614,0
15630,0
15641,0
15662,0
15705,0
15721,0
15726,0
15733,0
15737,0
15769,0
15773,0
15787,0
15800,0
15805,0
15822,0
15826,0
15841,0
15877,0
15881,0
15888,0
15892,0
15901,0
15963,0
15971,0
15975,0
15985,0
15992,0
16020,0
16034,0
16051,0
16080,0
16085,0
16106,0
16111,0
16119,0
16125,0
16129,0
16137,0
16153,0
16157,0
16169,0
16188,0
16210,0
16231,0
16256,0
16274,0
16279,0
16290,0
16324,0
16364,0
16368,0
16419,0
16432,0
16439,0
16455,0
16461,0
16475,0
16479,0
16529,0
16534,0
16540,0
16544,0
16560,0
16572,0
16591,0
16595,0
16600,0
16641,0
16645,0
16653,0
16664,0
16675,0
16684,0
16730,0
16774,0
16778,0
16789,0
16795,0
16803,0
16808,0
16822,0
16832,0
16856,0
16903,0
16925,0
16938,0
16951,0
16961,0
16967,0
16986,0
16992,0
17006,0
17032,0
17038,0
17042,0
17058,0
17067,0
17079,0
17087,0
17107,0
17134,0
17192,0
17228,0
17233,0
17259,0
17264,0
17304,0
17313,0
17322,0
17340,0
17345,0
17352,0
17356,0
17362,0
17368,0
17373,0
17390,0
17394,0
17421,0
17447,0
17528,0
17534,0
17553,0
17567,0
17586,0
17590,0
17612,0
17626,0
17667,0
17681,0
17685,0
17690,0
17694,0
17716,0
17720,0
17730,0
17734,0
17757,0
17779,0
17792,0
17796,0
17808,0
17812,0
17817,0
17822,0
17858,0
17864,0
17871,0
17909,0
17958,0
17963,0
17976,0
17981,0
18004,0
18010,0
18037,0
18043,0
18048,0
18058,0
18071,0
18076,0
18080,0
18084,0
18098,0
18155,0
18160,0
18174,0
18210,0
18218,0
18245,0
18250,0
18262,0
18290,0
18308,0
18327,0
18350,0
18363,0
18368,0
18377,0
18419,0
18428,0
18432,0
18466,0
18485,0
18489,0
18493,0
18506,0
18510,0
18527,0
18535,0
18539,0
18550,0
18558,0
18582,0
18591,0
18597,0
18601,0
18612,0
18640,0
18669,0
18685,0
18702,0
18707,0
18712,0
18725,0
18739,0
18748,0
18772,0
18787,0
18808,0
18813,0
18861,0
18878,0
18888,0
18910,0
18941,0
18945,0
18967,0
18971,0
18998,0
19007,0
19012,0
19025,0
19038,0
19058,0
19090,0
19105,0
19115,0
19127,0
19132,0
19174,0
19203,0
19218,0
19231,0
19244,0
19248,0
19253,0
19264,0
19269,0
19273,0
19295,0
19310,0
19323,0
19351,0
19360,0
19369,0
19374,0
19378,0
19395,0
19401,0
19416,0
19423,0
19433,0
19438,0
19457,0
19464,0
19487,0
19496,0
19564,0
19569,0
19592,0
19616,0
19626,0
19672,0
19684,0
19689,0
19710,0
19743,0
19762,0
19766,0
19789,0
19800,0
19822,0
19843,0
19851,0
19875,0
19880,0
19889,0
19894,0
19940,0
19964,0
19986,0
19991,0
20009,0
20048,0
20052,0
20071,0
20088,0
20092,0
20098,0
20103,0
20133,0
20142,0
20166,0
20173,0
20177,0
20187,0
20191,0
20208,0
20225,0
20238,0
20252,0
20268,0
20281,0
20285,0
20290,0
20323,0
20376,0
20381,0
20392,0
20411,0
20416,0
20430,0
20435,0
20453,0
20460,0
20464,0
20477,0
20518,0
20522,0
20530,0
20535,0
20555,0
20568,0
20572,0
20577,0
20582,0
20627,0
20636,0
20643,0
20667,0
20684,0
20705,0
20762,0
20807,0
20835,0
20864,0
20870,0
20883,0
20897,0
20905,0
20933,0
20953,0
20970,0
20979,0
20995,0
21001,0
21013,0
21041,0
21088,0
21092,0
21096,0
21101,0
21107,0
21128,0
21133,0
21138,0
21155,0
21167,0
21176,0
21181,0
21185,0
21204,0
21209,0
21229,0
21238,0
21242,0
21266,0
21271,0
21278,0
21295,0
21309,0
21320,0
21324,0
21330,0
21339,0
21351,0
21376,0
21389,0
21397,0
21442,0
21450,0
21468,0
21476,0
21481,0
21534,0
21544,0
21549,0
21582,0
21586,0
21598,0
21616,0
21662,0
21668,0
21677,0
21693,0
21704,0
21713,0
21725,0
21734,0
21754,0
21768,0
21787,0
21805,0
21816,0
21825,0
21844,0
21892,0
21896,0
21902,0
21906,0
21911,0
21930,0
21955,0
21964,0
21982,0
21994,0
22015,0
22033,0
22038,0
22084,0
22136,0
22163,0
22185,0
22215,0
22232,0
22282,0
22291,0
22306,0
22310,0
22320,0
22325,0
22372,0
22378,0
22408,0
22414,0
22437,0
22458,0
22500,0
22519,0
22567,0
22582,0
22611,0
22615,0
22632,0
22636,0
22657,0
22675,0
22690,0
22708,0
22717,0
22725,0
22731,0
22738,0
22742,0
22746,0
22772,0
22787,0
22801,0
22821,0
22833,0
22841,0
22847,0
22859,0
22873,0
22899,0
22903,0
22909,0
22919,0
22927,0
22931,0
22937,0
22991,0
23045,0
23050,0
23069,0
23076,0
23091,0
23102,0
23132,0
23150,0
23158,0
23170,0
23185,0
23192,0
23228,0
23232,0
23249,0
23253,0
23263,0
23274,0
23292,0
23297,0
23327,0
23355,0
23372,0
23376,0
23380,0
23394,0
23400,0
23405,0
23451,0
23456,0
23466,0
23484,0
23510,0
23570,0
23582,0
23598,0
23616,0
23622,0
23633,0
23660,0
23665,0
23670,0
23690,0
23698,0
23705,0
23742,0
23763,0
23769,0
23790,0
23803,0
23818,0
23837,0
23856,0
23871,0
23875,0
23889,0
23893,0
23958,0
23969,0
23976,0
23984,0
24005,0
24046,0
24062,0
24066,0
24076,0
24080,0
24093,0
24097,0
24109,0
24116,0
24151,0
24162,0
24177,0
24190,0
24242,0
24246,0
24255,0
24264,0
24291,0
24311,0
24325,0
24359,0
24381,0
24407,0
24416,0
24428,0
24439,0
24472,0
24479,0
24493,0
24501,0
24510,0
24514,0
24545,0
24583,0
24588,0
24592,0
24608,0
24612,0
24616,0
24637,0
24656,0
24664,0
24669,0
24687,0
24700,0
24706,0
24736,0
24740,0
24802,0
24830,0
24866,0
24875,0
24884,0
24896,0
24903,0
24964,0
24968,0
24972,0
24976,0
24985,0
24997,0
25001,0
25005,0
25021,0
25038,0
25059,0
25073,0
25080,0
25089,0
25107,0
25117,0
25142,0
25149,0
25153,0
25167,0
25171,0
25200,0
25209,0
25236,0
25274,0
25295,0
25306,0
25316,0
25333,0
25344,0
25399,0
25406,0
25411,0
25420,0
25429,0
25435,0
25443,0
25448,0
25460,0
25478,0
25499,0
25503,0
25516,0
25521,0
25533,0
25545,0
25572,0
25582,0
25593,0
25597,0
25613,0
25618,0
25622,0
25643,0
25655,0
25689,0
25706,0
25710,0
25737,0
25745,0
25755,0
25767,0
25772,0
25782,0
25786,0
25790,0
25796,0
25815,0
25830,0
25834,0
25865,0
25878,0
25884,0
25896,0
25917,0
25927,0
25931,0
25942,0
25953,0
25967,0
26007,0
26039,0
26044,0
26056,0
26079,0
26122,0
26129,0
26134,0
26149,0
26168,0
26204,0
26240,0
26261,0
26266,0
26287,0
26296,0
26300,0
26315,0
26343,0
26366,0
26388,0
26398,0
26425,0
26452,0
26462,0
26479,0
26486,0
26490,0
26509,0
26525,0
26539,0
26562,0
26577,0
26582,0
26593,0
26597,0
26608,0
26622,0
26652,0
26689,0
26703,0
26712,0
26718,0
26771,0
26788,0
26797,0
26824,0
26834,0
26840,0
26845,0
26880,0
26939,0
26944,0
26959,0
26969,0
26990,0
26994,0
27005,0
27011,0
27031,0
27041,0
27046,0
27069,0
27088,0
27116,0
27174,0
27243,0
27255,0
27271,0
27281,0
27322,0
27328,0
27333,0
27379,0
27393,0
27401,0
27406,0
27411,0
27431,0
27441,0
27446,0
27461,0
27470,0
27496,0
27501,0
27525,0
27537,0
27583,0
27599,0
27603,0
27637,0
27652,0
27657,0
27683,0
27687,0
27696,0
27715,0
27756,0
27760,0
27773,0
27795,0
27804,0
27818,0
27839,0
27849,0
27863,0
27882,0
27898,0
27912,0
27917,0
27923,0
27932,0
27943,0
27998,0
28010,0
28018,0
28033,0
28063,0
28099,0
28145,0
28150,0
28160,0
28177,0
28224,0
28228,0
28233,0
28248,0
28255,0
28269,0
28273,0
28283,0
28308,0
28321,0
28362,0
28374,0
28384,0
28393,0
28397,0
28412,0
28423,0
28427,0
28432,0
28449,0
28474,0
28478,0
28490,0
28512,0
28564,0
28577,0
28606,0
28622,0
28639,0
28650,0
28655,0
28670,0
28690,0
28694,0
28701,0
28710,0
28715,0
28732,0
28744,0
28748,0
28762,0
28771,0
28796,0
28813,0
28826,0
28847,0
28855,0
28922,0
28926,0
28958,0
28975,0
28995,0
29000,0
29017,0
29044,0
29058,0
29096,0
29108,0
29156,0
29167,0
29191,0
29202,0
29212,0
29218,0
29222,0
29228,0
29244,0
29249,0
29285,0
29307,0
29322,0
29341,0
29374,0
29385,0
29391,0
29395,0
29420,0
29426,0
29436,0
29440,0
29456,0
29461,0
29469,0
29497,0
29502,0
29537,0
29543,0
29552,0
29572,0
29581,0
29601,0
29611,0
29642,0
29651,0
29657,0
29681,0
29707,0
29717,0
29725,0
29731,0
29784,0
29804,0
29827,0
29851,0
29862,0
29891,0
29900,0
29915,0
29920,0
29946,0
29956,0
29964,0
29969,0
29978,0
29995,0
30001,0
30008,0
30054,0
30069,0
30078,0
30084,0
30092,0
30111,0
30116,0
30145,0
30163,0
30177,0
30203,0
30209,0
30213,0
30234,0
30239,0
30245,0
30253,0
30258,0
30277,0
30283,0
30294,0
30315,0
30344,0
30354,0
30362,0
30381,0
30404,0
30423,0
30429,0
30434,0
30438,0
30459,0
30472,0
30483,0
30489,0
30510,0
30522,0
30532,0
30541,0
30547,0
30583,0
30589,0
30603,0
30644,0
30656,0
30682,0
30697,0
30739,0
30743,0
30759,0
30769,0
30791,0
30812,0
30827,0
30835,0
30867,0
30880,0
30912,0
30952,0
30958,0
30988,0
31028,0
31036,0
31091,0
31122,0
31162,0
31166,0
31187,0
31210,0
31216,0
31233,0
31257,0
31316,0
31321,0
31326,0
31336,0
31342,0
31371,0
31381,0
31397,0
31419,0
31435,0
31444,0
31449,0
31495,0
31530,0
31576,0
31581,0
31626,0
31655,0
31660,0
31670,0
31695,0
31700,0
31711,0
31734,0
31781,0
31800,0
31807,0
31820,0
31825,0
31836,0
31845,0
31869,0
31886,0
31901,0
31919,0
31923,0
31940,0
31945,0
31958,0
31964,0
31997,0
32018,0
32045,0
32050,0
32054,0
32089,0
32095,0
32109,0
32128,0
32153,0
32162,0
32175,0
32189,0
32194,0
32210,0
32230,0
32252,0
32258,0
32264,0
32275,0
32289,0
32298,0
32310,0
32327,0
32363,0
32376,0
32409,0
32416,0
32429,0
32433,0
32452,0
32458,0
32467,0
32479,0
32501,0
32530,0
32535,0
32552,0
32603,0
32613,0
32617,0
32634,0
32638,0
32647,0
32675,0
32679,0
32695,0
32699,0
32733,0
32745,0
32751,0
32786,0
32791,0
32824,0
32828,0
32834,0
32866,0
32893,0
32900,0
32905,0
32935,0
32969,0
32980,0
32985,0
32999,0
33004,0
33073,0
33104,0
33162,0
33168,0
33206,0
33222,0
33230,0
33236,0
33259,0
33271,0
33279,0
33304,0
33323,0
33348,0
33352,0
33382,0
33392,0
33397,0
33420,0
33442,0
33450,0
33476,0
33508,0
33534,0
33554,0
33564,0
33591,0
33607,0
33621,0
33629,0
33647,0
33669,0
33686,0
33694,0
33714,0
33723,0
33737,0
33762,0
33793,0
33800,0
33811,0
33837,0
33841,0
33855,0
33859,0
33874,0
33882,0
33897,0
33902,0
33927,0
33939,0
33952,0
33961,0
33967,0
33988,0
33993,0
33999,0
34040,0
34052,0
34060,0
34085,0
34089,0
34107,0
34127,0
34140,0
34167,0
34178,0
34183,0
34208,0
34213,0
34217,0
34223,0
34252,0
34256,0
34266,0
34279,0
34288,0
34294,0
34302,0
34315,0
34331,0
34351,0
34361,0
34410,0
34416,0
34427,0
34432,0
34473,0
34489,0
34493,0
34500,0
34516,0
34535,0
34547,0
34560,0
34571,0
34582,0
34591,0
34600,0
34627,0
34632,0
34636,0
34640,0
34650,0
34655,0
34667,0
34677,0
34687,0
34696,0
34703,0
34731,0
34759,0
34763,0
34769,0
34821,0
34825,0
34833,0
34845,0
34850,0
34873,0
34877,0
34881,0
34897,0
34906,0
35007,0
35016,0
35041,0
35045,0
35079,0
35112,0
35132,0
35198,0
35209,0
35228,0
35241,0
35250,0
35254,0
35281,0
35288,0
35292,0
35297,0
35372,0
35377,0
35410,0
35415,0
35422,0
35426,0
35456,0
35462,0
35471,0
35481,0
35487,0
35552,0
35584,0
35588,0
35611,0
35619,0
35624,0
35629,0
35642,0
35654,0
35677,0
35706,0
35712,0
35716,0
35733,0
35767,0
35782,0
35803,0
35808,0
35821,0
35906,0
35937,0
35953,0
35990,0
35996,0
36005,0
36015,0
36020,0
36042,0
36047,0
36061,0
36099,0
36104,0
36111,0
36116,0
36143,0
36196,0
36210,0
36216,0
36246,0
36258,0
36278,0
36285,0
36305,0
36314,0
36320,0
36340,0
36344,0
36383,0
36392,0
36396,0
36403,0
36411,0
36417,0
36421,0
36433,0
36439,0
36448,0
36480,0
36487,0
36504,0
36510,0
36540,0
36548,0
36554,0
36561,0
36565,0
36575,0
36589,0
36598,0
36610,0
36624,0
36628,0
36638,0
36653,0
36667,0
36684,0
36699,0
36704,0
36709,0
36716,0
36720,0
36725,0
36730,0
36745,0
36749,0
36766,0
36785,0
36800,0
36804,0
36826,0
36830,0
36844,0
36850,0
36868,0
36877,0
36895,0
36912,0
36927,0
36931,0
36942,0
36946,0
36951,0
36974,0
36979,0
37007,0
37011,0
37028,0
37034,0
37058,0
37081,0
37095,0
37121,0
37129,0
37140,0
37148,0
37153,0
37162,0
37172,0
37184,0
37193,0
37204,0
37222,0
37227,0
37252,0
37262,0
37285,0
37291,0
37305,0
37340,0
37362,0
37367,0
37371,0
37375,0
37394,0
37404,0
37410,0
37415,0
37431,0
37439,0
37479,0
37489,0
37575,0
37580,0
37628,0
37632,0
37644,0
37669,0
37673,0
37696,0
37728,0
37745,0
37757,0
37778,0
37790,0
37799,0
37807,0
37827,0
37838,0
37900,0
37906,0
37915,0
37932,0
37936,0
37983,0
37999,0
38013,0
38027,0
38042,0
38048,0
38053,0
38079,0
38122,0
38146,0
38154,0
38166,0
38177,0
38185,0
38212,0
38225,0
38232,0
38254,0
38258,0
38263,0
38282,0
38289,0
38294,0
38299,0
38315,0
38333,0
38373,0
38396,0
38401,0
38413,0
38440,0
38453,0
38468,0
38483,0
38488,0
38516,0
38520,0
38538,0
38544,0
38558,0
38570,0
38597,0
38615,0
38636,0
38656,0
38665,0
38676,0
38695,0
38702,0
38707,0
38711,0
38723,0
38729,0
38748,0
38765,0
38772,0
38777,0
38796,0
38851,0
38858,0
38890,0
38900,0
38910,0
38916,0
38943,0
38965,0
38999,0
39015,0
39032,0
39048,0
39067,0
39074,0
39079,0
39112,0
39117,0
39152,0
39157,0
39176,0
39183,0
39213,0
39259,0
39265,0
39348,0
39360,0
39364,0
39385,0
39391,0
39395,0
39401,0
39414,0
39419,0
39476,0
39522,0
39529,0
39540,0
39581,0
39590,0
39594,0
39598,0
39608,0
39630,0
39635,0
39639,0
39659,0
39669,0
39686,0
39704,0
39713,0
39722,0
39731,0
39736,0
39740,0
39744,0
39749,0
39836,0
39872,0
39876,0
39896,0
39922,0
