15,0
85,0
94,0
98,0
111,0
132,0
176,0
80,0
195,0
209,0
218,0
236,0
244,0
264,0
296,0
326,0
380,0
402,0
424,0
445,0
450,0
465,0
491,0
511,0
525,0
539,0
559,0
563,0
573,0
594,0
627,0
649,0
693,0
704,0
721,0
749,0
754,0
776,0
803,0
825,0
843,0
916,0
920,0
943,0
970,0
990,0
994,0
1004,0
1099,0
1130,0
1158,0
1172,0
1181,0
1193,0
1209,0
1214,0
1220,0
1230,0
1239,0
1261,0
1265,0
1276,0
1295,0
1312,0
1318,0
1322,0
1337,0
1344,0
1358,0
1366,0
1395,0
1411,0
1418,0
1435,0
1472,0
1523,0
1529,0
1542,0
1556,0
1575,0
1590,0
1596,0
1601,0
1616,0
1638,0
1697,0
1713,0
1729,0
1742,0
1747,0
1776,0
1782,0
1804,0
1820,0
1856,0
1860,0
1870,0
1876,0
1914,0
1931,0
1946,0
1951,0
1966,0
1973,0
2013,0
2025,0
2044,0
2073,0
2091,0
2112,0
2122,0
2133,0
2161,0
2174,0
2185,0
2189,0
2217,0
2221,0
2241,0
2259,0
2277,0
2281,0
2286,0
2314,0
2320,0
2346,0
2350,0
2361,0
2396,0
2407,0
2421,0
2433,0
2437,0
2447,0
2473,0
2483,0
2514,0
2524,0
2529,0
2540,0
2598,0
2607,0
2619,0
2641,0
2652,0
2663,0
2683,0
2699,0
2708,0
2750,0
2772,0
2777,0
2791,0
2803,0
2836,0
2847,0
2905,0
2910,0
2914,0
2950,0
2980,0
2984,0
3004,0
3008,0
3025,0
3044,0
3097,0
3121,0
3126,0
3166,0
3170,0
3239,0
3256,0
3268,0
3272,0
3287,0
3334,0
3356,0
3363,0
3382,0
3395,0
3400,0
3429,0
3434,0
3447,0
3451,0
3460,0
3474,0
3481,0
3522,0
3526,0
3531,0
3543,0
3547,0
3562,0
3574,0
3584,0
3617,0
3627,0
3646,0
3663,0
3683,0
3688,0
3712,0
3749,0
3771,0
3785,0
3843,0
3853,0
3867,0
3873,0
3878,0
3928,0
3932,0
3948,0
3958,0
3971,0
3992,0
3997,0
4009,0
4014,0
4019,0
4023,0
4066,0
4071,0
4075,0
4103,0
4112,0
4116,0
4147,0
4176,0
4198,0
4223,0
4253,0
4257,0
4287,0
4297,0
4303,0
4308,0
4316,0
4329,0
4334,0
4340,0
4354,0
4362,0
4371,0
4399,0
4422,0
4430,0
4454,0
4459,0
4483,0
4499,0
4508,0
4515,0
4553,0
4558,0
4577,0
4584,0
4600,0
4631,0
4642,0
4651,0
4665,0
4674,0
4692,0
4743,0
4748,0
4774,0
4816,0
4849,0
4856,0
4863,0
4867,0
4872,0
4877,0
4892,0
4898,0
4926,0
4942,0
4947,0
4954,0
4993,0
5018,0
5034,0
5038,0
5042,0
5078,0
5084,0
5090,0
5123,0
5148,0
5162,0
5196,0
5203,0
5233,0
5243,0
5248,0
5260,0
5265,0
5274,0
5290,0
5315,0
5319,0
5337,0
5342,0
5352,0
5356,0
5380,0
5390,0
5394,0
5429,0
5434,0
5467,0
5472,0
5484,0
5516,0
5529,0
5554,0
5582,0
5617,0
5623,0
5639,0
5653,0
5657,0
5694,0
5703,0
5709,0
5714,0
5722,0
5728,0
5733,0
5738,0
5746,0
5752,0
5782,0
5819,0
5839,0
5844,0
5848,0
5854,0
5865,0
5870,0
5951,0
5962,0
5975,0
5991,0
6016,0
6043,0
6060,0
6066,0
6076,0
6084,0
6092,0
6132,0
6155,0
6167,0
6171,0
6197,0
6224,0
6266,0
6302,0
6313,0
6321,0
6335,0
6374,0
6378,0
6415,0
6420,0
6433,0
6439,0
6443,0
6468,0
6513,0
6524,0
6528,0
6533,0
6538,0
6543,0
6549,0
6564,0
6568,0
6574,0
6593,0
6598,0
6603,0
6611,0
6712,0
6728,0
6771,0
6781,0
6812,0
6823,0
6835,0
6840,0
6846,0
6860,0
6872,0
6881,0
6885,0
6889,0
6898,0
6904,0
6912,0
6922,0
6926,0
6931,0
6965,0
6969,0
6990,0
7007,0
7033,0
7050,0
7069,0
7088,0
7100,0
7111,0
7117,0
7131,0
7153,0
7194,0
7198,0
7216,0
7250,0
7260,0
7290,0
7299,0
7304,0
7324,0
7336,0
7355,0
7370,0
7399,0
7418,0
7428,0
7432,0
7449,0
7465,0
7493,0
7508,0
7529,0
7558,0
7564,0
7573,0
7633,0
7639,0
7657,0
7693,0
7725,0
7731,0
7736,0
7755,0
7767,0
7808,0
7826,0
7849,0
7858,0
7864,0
7878,0
7884,0
7898,0
7907,0
7917,0
7923,0
7937,0
7954,0
7962,0
7966,0
7970,0
8018,0
8028,0
8037,0
8061,0
8071,0
8075,0
8084,0
8117,0
8138,0
8150,0
8178,0
8183,0
8194,0
8208,0
8228,0
8272,0
8295,0
8308,0
8340,0
8345,0
8356,0
8361,0
8371,0
8379,0
8387,0
8398,0
8408,0
8414,0
8426,0
8451,0
8466,0
8491,0
8496,0
8515,0
8520,0
8543,0
8547,0
8559,0
8595,0
8602,0
8618,0
8630,0
8637,0
8648,0
8676,0
8693,0
8708,0
8714,0
8719,0
8730,0
8734,0
8757,0
8768,0
8796,0
8818,0
8827,0
8937,0
8944,0
8969,0
8974,0
8982,0
8987,0
9004,0
9008,0
9021,0
9025,0
9031,0
9067,0
9082,0
9093,0
9104,0
9109,0
9126,0
9140,0
9172,0
9212,0
9223,0
9257,0
9296,0
9302,0
9314,0
9360,0
9371,0
9398,0
9416,0
9430,0
9453,0
9459,0
9472,0
9488,0
9493,0
9497,0
9502,0
9511,0
9526,0
9536,0
9544,0
9560,0
9570,0
9574,0
9578,0
9585,0
9607,0
9614,0
9626,0
9632,0
9641,0
9659,0
9672,0
9676,0
9689,0
9694,0
9698,0
9703,0
9720,0
9730,0
9803,0
9832,0
9855,0
9876,0
9890,0
9916,0
9937,0
9943,0
9956,0
10023,0
10028,0
10034,0
10048,0
10059,0
10094,0
10109,0
10116,0
10143,0
10167,0
10183,0
10189,0
10193,0
10206,0
10219,0
10256,0
10262,0
10267,0
10273,0
10294,0
10329,0
10339,0
10346,0
10354,0
10358,0
10367,0
10373,0
10382,0
10396,0
10434,0
10482,0
10487,0
10519,0
10527,0
10542,0
10556,0
10562,0
10588,0
10592,0
10596,0
10600,0
10618,0
10633,0
10639,0
10656,0
10660,0
10666,0
10702,0
10723,0
10741,0
10761,0
10778,0
10792,0
10809,0
10814,0
10834,0
10838,0
10879,0
10884,0
10892,0
10931,0
10949,0
10966,0
10972,0
10977,0
10981,0
11005,0
11011,0
11019,0
11031,0
11045,0
11049,0
11057,0
11080,0
11085,0
11118,0
11145,0
11172,0
11181,0
11193,0
11199,0
11210,0
11228,0
11233,0
11253,0
11258,0
11271,0
11297,0
11302,0
11341,0
11353,0
11386,0
11393,0
11402,0
11479,0
11483,0
11492,0
11499,0
11505,0
11527,0
11552,0
11564,0
11594,0
11599,0
11619,0
11641,0
11681,0
11686,0
11695,0
11763,0
11788,0
11831,0
11856,0
11892,0
11896,0
11921,0
11932,0
11966,0
11996,0
12006,0
12033,0
12041,0
12047,0
12062,0
12077,0
12114,0
12118,0
12129,0
12134,0
12183,0
12206,0
12227,0
12244,0
12254,0
12289,0
12297,0
12322,0
12351,0
12374,0
12402,0
12407,0
12413,0
12432,0
12438,0
12464,0
12477,0
12482,0
12492,0
12497,0
12517,0
12521,0
12526,0
12540,0
12550,0
12581,0
12585,0
12601,0
12605,0
12625,0
12630,0
12639,0
12652,0
12668,0
12700,0
12716,0
12753,0
12765,0
12774,0
12778,0
12784,0
12816,0
12842,0
12850,0
12898,0
12915,0
12939,0
12944,0
12949,0
12953,0
12973,0
12993,0
13036,0
13055,0
13066,0
13090,0
13094,0
13099,0
13105,0
13123,0
13130,0
13147,0
13156,0
13161,0
13166,0
13192,0
13200,0
13204,0
13211,0
13216,0
13255,0
13291,0
13305,0
13315,0
13349,0
13355,0
13373,0
13377,0
13391,0
13411,0
13416,0
13432,0
13462,0
13467,0
13473,0
13516,0
13522,0
13531,0
13542,0
13547,0
13560,0
13577,0
13621,0
13649,0
13653,0
13677,0
13697,0
13742,0
13747,0
13755,0
13799,0
13816,0
13826,0
13837,0
13843,0
13849,0
13870,0
13884,0
13894,0
13908,0
13922,0
13940,0
13957,0
13962,0
13984,0
13993,0
13998,0
14021,0
14040,0
14044,0
14105,0
14132,0
14166,0
14177,0
14184,0
14208,0
14217,0
14245,0
14256,0
14269,0
14287,0
14292,0
14298,0
14307,0
14314,0
14322,0
14326,0
14358,0
14362,0
14370,0
14376,0
14389,0
14400,0
14408,0
14440,0
14444,0
14448,0
14457,0
14474,0
14496,0
14513,0
14522,0
14543,0
14568,0
14572,0
14581,0
14631,0
14642,0
14648,0
14652,0
14661,0
14665,0
14671,0
14683,0
14687,0
14695,0
14718,0
14727,0
14734,0
14740,0
14746,0
14771,0
14780,0
14803,0
14818,0
14822,0
14831,0
14837,0
14842,0
14846,0
14851,0
14873,0
14877,0
14893,0
14912,0
14939,0
14948,0
14970,0
14979,0
15021,0
15031,0
15036,0
15041,0
15049,0
15053,0
15062,0
15069,0
15100,0
15104,0
15118,0
15126,0
15139,0
15185,0
15225,0
15242,0
15247,0
15254,0
15288,0
15303,0
15314,0
15318,0
15338,0
15344,0
15359,0
15380,0
15384,0
15394,0
15419,0
15444,0
15479,0
15493,0
15508,0
15519,0
15536,0
15547,0
15553,0
15562,0
15575,0
15643,0
15665,0
15678,0
15683,0
15694,0
15714,0
15750,0
15801,0
15809,0
15859,0
15873,0
15897,0
15959,0
15976,0
15990,0
16004,0
16033,0
16037,0
16042,0
16095,0
16121,0
16134,0
16183,0
16197,0
16222,0
16237,0
16242,0
16246,0
16271,0
16275,0
16304,0
16325,0
16330,0
16339,0
16351,0
16363,0
16407,0
16427,0
16437,0
16481,0
16487,0
16491,0
16505,0
16509,0
16524,0
16528,0
16551,0
16558,0
16597,0
16608,0
16629,0
16635,0
16652,0
16656,0
16672,0
16698,0
16710,0
16715,0
16769,0
16775,0
16794,0
16798,0
16806,0
16818,0
16831,0
16841,0
16881,0
16916,0
16926,0
16934,0
16943,0
16952,0
16956,0
16960,0
17008,0
17025,0
17036,0
17046,0
17062,0
17084,0
17088,0
17110,0
17121,0
17149,0
17153,0
17164,0
17169,0
17180,0
17186,0
17194,0
17211,0
17223,0
17236,0
17252,0
17256,0
17286,0
17290,0
17300,0
17314,0
17318,0
17324,0
17333,0
17341,0
17349,0
17353,0
17364,0
17383,0
17402,0
17422,0
17446,0
17450,0
17465,0
17489,0
17499,0
17504,0
17538,0
17542,0
17546,0
17582,0
17603,0
17608,0
17613,0
17630,0
17636,0
17641,0
17649,0
17655,0
17660,0
17665,0
17683,0
17693,0
17697,0
17703,0
17712,0
17739,0
17745,0
17754,0
17763,0
17787,0
17802,0
17807,0
17816,0
17827,0
17849,0
17854,0
17859,0
17869,0
17873,0
17880,0
17916,0
17977,0
17991,0
18000,0
18005,0
18015,0
18020,0
18033,0
18041,0
18045,0
18049,0
18073,0
18081,0
18092,0
18122,0
18149,0
18211,0
18223,0
18228,0
18234,0
18238,0
18243,0
18257,0
18271,0
18277,0
18301,0
18325,0
18336,0
18355,0
18369,0
18384,0
18389,0
18414,0
18423,0
18441,0
18533,0
18537,0
18566,0
18574,0
18579,0
18603,0
18607,0
18614,0
18634,0
18665,0
18676,0
18704,0
18708,0
18717,0
18729,0
18733,0
18744,0
18752,0
18774,0
18804,0
18833,0
18862,0
18867,0
18923,0
18943,0
18961,0
18976,0
18989,0
18995,0
19009,0
19022,0
19026,0
19031,0
19036,0
19060,0
19064,0
19074,0
19096,0
19121,0
19144,0
19150,0
19154,0
19160,0
19183,0
19194,0
19213,0
19217,0
19223,0
19245,0
19260,0
19278,0
19292,0
19317,0
19343,0
19365,0
19406,0
19410,0
19427,0
19440,0
19446,0
19456,0
19474,0
19478,0
19491,0
19512,0
19534,0
19538,0
19560,0
19588,0
19619,0
19633,0
19638,0
19652,0
19658,0
19666,0
19721,0
19725,0
19730,0
19748,0
19757,0
19772,0
19788,0
19795,0
19799,0
19819,0
19824,0
19842,0
19862,0
19867,0
19872,0
19882,0
19891,0
19897,0
19902,0
19921,0
19942,0
19946,0
19951,0
19996,0
20024,0
20043,0
20047,0
20078,0
20082,0
20112,0
20122,0
20159,0
20174,0
20182,0
20194,0
20199,0
20219,0
20250,0
20254,0
20276,0
20282,0
20294,0
20306,0
20311,0
20318,0
20328,0
20335,0
20344,0
20357,0
20375,0
20390,0
20401,0
20408,0
20417,0
20426,0
20468,0
20489,0
20499,0
20505,0
20517,0
20547,0
20571,0
20576,0
20580,0
20585,0
20634,0
20644,0
20657,0
20661,0
20692,0
20696,0
20707,0
20728,0
20778,0
20793,0
20797,0
20821,0
20882,0
20895,0
20916,0
20923,0
20927,0
20935,0
20958,0
20978,0
20987,0
21016,0
21029,0
21045,0
21051,0
21080,0
21084,0
21097,0
21129,0
21139,0
21145,0
21192,0
21198,0
21225,0
21241,0
21245,0
21259,0
21270,0
21284,0
21291,0
21308,0
21312,0
21326,0
21333,0
21352,0
21392,0
21403,0
21408,0
21417,0
21423,0
21500,0
21529,0
21533,0
21537,0
21548,0
21554,0
21602,0
21612,0
21639,0
21669,0
21678,0
21684,0
21699,0
21705,0
21742,0
21757,0
21764,0
21775,0
21814,0
21828,0
21874,0
21889,0
21934,0
21949,0
21959,0
21967,0
21997,0
22003,0
22021,0
22039,0
22044,0
22092,0
22111,0
22134,0
22161,0
22191,0
22204,0
22209,0
22227,0
22253,0
22292,0
22330,0
22341,0
22355,0
22409,0
22418,0
22433,0
22473,0
22481,0
22488,0
22498,0
22512,0
22526,0
22536,0
22548,0
22558,0
22571,0
22576,0
22585,0
22594,0
22598,0
22633,0
22661,0
22685,0
22712,0
22740,0
22751,0
22756,0
22761,0
22782,0
22786,0
22800,0
22819,0
22828,0
22835,0
22840,0
22854,0
22863,0
22871,0
22880,0
22910,0
22915,0
22920,0
22930,0
22944,0
22954,0
22964,0
22978,0
22982,0
22997,0
23002,0
23006,0
23013,0
23021,0
23035,0
23049,0
23084,0
23089,0
23136,0
23145,0
23154,0
23163,0
23167,0
23171,0
23189,0
23222,0
23231,0
23237,0
23243,0
23257,0
23285,0
23291,0
23311,0
23330,0
23335,0
23359,0
23364,0
23373,0
23383,0
23404,0
23410,0
23433,0
23455,0
23467,0
23481,0
23490,0
23500,0
23505,0
23511,0
23541,0
23565,0
23590,0
23604,0
23610,0
23615,0
23625,0
23634,0
23643,0
23674,0
23679,0
23685,0
23724,0
23733,0
23737,0
23747,0
23771,0
23802,0
23826,0
23831,0
23840,0
23845,0
23859,0
23867,0
23873,0
23881,0
23885,0
23915,0
23921,0
23931,0
23944,0
23983,0
24030,0
24044,0
24049,0
24064,0
24087,0
24096,0
24104,0
24108,0
24113,0
24118,0
24141,0
24146,0
24150,0
24176,0
24180,0
24188,0
24192,0
24201,0
24206,0
24211,0
24226,0
24271,0
24277,0
24290,0
24299,0
24304,0
24313,0
24345,0
24358,0
24363,0
24379,0
24404,0
24413,0
24426,0
24473,0
24490,0
24506,0
24518,0
24550,0
24559,0
24591,0
24602,0
24607,0
24611,0
24633,0
24655,0
24668,0
24675,0
24702,0
24725,0
24751,0
24755,0
24772,0
24776,0
24782,0
24793,0
24799,0
24804,0
24810,0
24827,0
24850,0
24861,0
24870,0
24874,0
24904,0
24908,0
24927,0
24949,0
24973,0
24986,0
24990,0
25003,0
25012,0
25025,0
25047,0
25054,0
25068,0
25072,0
25094,0
25109,0
25138,0
25147,0
25174,0
25183,0
25193,0
25214,0
25232,0
25247,0
25251,0
25262,0
25266,0
25276,0
25284,0
25311,0
25321,0
25329,0
25356,0
25371,0
25376,0
25408,0
25413,0
25424,0
25474,0
25484,0
25511,0
25531,0
25561,0
25578,0
25610,0
25631,0
25635,0
25641,0
25653,0
25667,0
25688,0
25692,0
25707,0
25719,0
25723,0
25732,0
25750,0
25760,0
25766,0
25771,0
25775,0
25779,0
25793,0
25797,0
25820,0
25848,0
25861,0
25873,0
25889,0
25894,0
25898,0
25905,0
25913,0
25935,0
25952,0
25975,0
26002,0
26011,0
26016,0
26027,0
26083,0
26093,0
26104,0
26113,0
26135,0
26184,0
26196,0
26221,0
26227,0
26231,0
26245,0
26298,0
26314,0
26319,0
26324,0
26337,0
26357,0
26401,0
26415,0
26422,0
26441,0
26458,0
26464,0
26474,0
26507,0
26527,0
26540,0
26545,0
26549,0
26603,0
26621,0
26633,0
26640,0
26645,0
26661,0
26669,0
26678,0
26683,0
26711,0
26728,0
26736,0
26744,0
26748,0
26760,0
26769,0
26801,0
26832,0
26857,0
26875,0
26888,0
26918,0
26934,0
26948,0
26958,0
27027,0
27040,0
27050,0
27059,0
27085,0
27110,0
27123,0
27133,0
27144,0
27152,0
27179,0
27186,0
27196,0
27217,0
27221,0
27227,0
27237,0
27248,0
27258,0
27301,0
27343,0
27347,0
27369,0
27395,0
27417,0
27423,0
27427,0
27433,0
27452,0
27474,0
27480,0
27503,0
27530,0
27560,0
27564,0
27595,0
27605,0
27618,0
27623,0
27635,0
27644,0
27653,0
27678,0
27688,0
27694,0
27703,0
27730,0
27736,0
27752,0
27757,0
27771,0
27793,0
27823,0
27832,0
27842,0
27853,0
27864,0
27868,0
27874,0
27885,0
27896,0
27909,0
27919,0
27928,0
27942,0
27948,0
27955,0
27972,0
27978,0
27982,0
27988,0
27992,0
28001,0
28013,0
28019,0
28025,0
28065,0
28077,0
28089,0
28112,0
28118,0
28151,0
28171,0
28197,0
28202,0
28209,0
28214,0
28235,0
28260,0
28268,0
28301,0
28306,0
28310,0
28320,0
28337,0
28341,0
28385,0
28407,0
28415,0
28428,0
28438,0
28443,0
28454,0
28460,0
28467,0
28473,0
28498,0
28503,0
28533,0
28638,0
28646,0
28653,0
28658,0
28664,0
28674,0
28678,0
28689,0
28712,0
28717,0
28739,0
28756,0
28786,0
28793,0
28798,0
28810,0
28832,0
28837,0
28841,0
28845,0
28854,0
28904,0
28910,0
28916,0
28929,0
28962,0
28969,0
28992,0
29007,0
29024,0
29029,0
29041,0
29061,0
29065,0
29091,0
29106,0
29116,0
29122,0
29128,0
29185,0
29189,0
29219,0
29225,0
29232,0
29241,0
29266,0
29275,0
29280,0
29317,0
29331,0
29349,0
29357,0
29364,0
29370,0
29394,0
29399,0
29406,0
29428,0
29438,0
29452,0
29465,0
29473,0
29480,0
29486,0
29493,0
29498,0
29507,0
29511,0
29518,0
29523,0
29544,0
29604,0
29617,0
29629,0
29636,0
29644,0
29649,0
29664,0
29692,0
29712,0
29735,0
29739,0
29761,0
29773,0
29778,0
29787,0
29791,0
29805,0
29818,0
29837,0
29847,0
29895,0
29910,0
29923,0
29929,0
29935,0
29942,0
29971,0
29983,0
29994,0
30007,0
30020,0
30028,0
30043,0
30063,0
30104,0
30113,0
30130,0
30134,0
30139,0
30170,0
30202,0
30210,0
30226,0
30255,0
30271,0
30293,0
30303,0
30308,0
30326,0
30331,0
30335,0
30385,0
30398,0
30412,0
30443,0
30448,0
30465,0
30482,0
30496,0
30524,0
30531,0
30558,0
30567,0
30582,0
30597,0
30601,0
30612,0
30633,0
30642,0
30648,0
30669,0
30674,0
30684,0
30693,0
30702,0
30708,0
30726,0
30732,0
30763,0
30772,0
30782,0
30845,0
30860,0
30879,0
30936,0
30946,0
30983,0
30999,0
31032,0
31041,0
31053,0
31071,0
31076,0
31112,0
31118,0
31129,0
31133,0
31142,0
31154,0
31172,0
31198,0
31202,0
31218,0
31227,0
31251,0
31274,0
31283,0
31294,0
31330,0
31349,0
31379,0
31383,0
31388,0
31393,0
31402,0
31411,0
31462,0
31484,0
31488,0
31493,0
31498,0
31537,0
31573,0
31578,0
31601,0
31614,0
31618,0
31645,0
31661,0
31669,0
31721,0
31757,0
31761,0
31775,0
31786,0
31802,0
31821,0
31849,0
31853,0
31857,0
31862,0
31873,0
31890,0
31894,0
31925,0
31935,0
31963,0
31976,0
31980,0
31991,0
32001,0
32024,0
32040,0
32051,0
32057,0
32068,0
32072,0
32082,0
32107,0
32120,0
32124,0
32143,0
32147,0
32158,0
32179,0
32187,0
32199,0
32204,0
32222,0
32235,0
32245,0
32254,0
32278,0
32283,0
32292,0
32345,0
32355,0
32367,0
32378,0
32391,0
32424,0
32436,0
32450,0
32465,0
32478,0
32500,0
32515,0
32566,0
32588,0
32598,0
32630,0
32645,0
32649,0
32689,0
32703,0
32711,0
32716,0
32771,0
32775,0
32803,0
32808,0
32814,0
32843,0
32847,0
32861,0
32874,0
32878,0
32882,0
32891,0
32909,0
32939,0
32952,0
32967,0
32981,0
32995,0
33020,0
33034,0
33043,0
33048,0
33065,0
33071,0
33087,0
33098,0
33107,0
33116,0
33148,0
33153,0
33159,0
33173,0
33179,0
33185,0
33191,0
33239,0
33253,0
33261,0
33289,0
33294,0
33319,0
33340,0
33355,0
33378,0
33383,0
33393,0
33404,0
33409,0
33438,0
33460,0
33482,0
33493,0
33499,0
33511,0
33563,0
33579,0
33606,0
33631,0
33657,0
33671,0
33743,0
33747,0
33791,0
33819,0
33824,0
33830,0
33835,0
33848,0
33858,0
33862,0
33876,0
33903,0
33920,0
33962,0
33997,0
34002,0
34042,0
34058,0
34153,0
34191,0
34224,0
34238,0
34243,0
34264,0
34269,0
34273,0
34280,0
34296,0
34301,0
34320,0
34341,0
34347,0
34355,0
34359,0
34373,0
34403,0
34408,0
34412,0
34418,0
34430,0
34452,0
34458,0
34470,0
34482,0
34490,0
34501,0
34515,0
34524,0
34534,0
34555,0
34568,0
34587,0
34593,0
34612,0
34619,0
34631,0
34646,0
34660,0
34711,0
34716,0
34720,0
34740,0
34772,0
34776,0
34783,0
34806,0
34852,0
34865,0
34875,0
34886,0
34901,0
34929,0
34947,0
34951,0
34959,0
34969,0
34973,0
34979,0
34983,0
35013,0
35044,0
35055,0
35077,0
35084,0
35108,0
35113,0
35179,0
35189,0
35239,0
35243,0
35249,0
35279,0
35328,0
35335,0
35340,0
35345,0
35351,0
35375,0
35380,0
35386,0
35396,0
35429,0
35439,0
35446,0
35466,0
35476,0
35495,0
35509,0
35514,0
35559,0
35563,0
35580,0
35604,0
35626,0
35636,0
35648,0
35673,0
35689,0
35700,0
35717,0
35723,0
35731,0
35748,0
35762,0
35791,0
35814,0
35828,0
35852,0
35868,0
35873,0
35898,0
35917,0
35934,0
35938,0
35943,0
35955,0
35960,0
36008,0
36048,0
36068,0
36079,0
36091,0
36095,0
36126,0
36135,0
36162,0
36166,0
36181,0
36185,0
36239,0
36259,0
36264,0
36290,0
36303,0
36323,0
36328,0
36370,0
36374,0
36379,0
36427,0
36438,0
36456,0
36481,0
36485,0
36505,0
36520,0
36531,0
36536,0
36541,0
36570,0
36581,0
36588,0
36623,0
36633,0
36637,0
36649,0
36666,0
36670,0
36695,0
36700,0
36705,0
36714,0
36718,0
36723,0
36727,0
36762,0
36771,0
36776,0
36781,0
36796,0
36810,0
36875,0
36884,0
36898,0
36918,0
36930,0
36943,0
36961,0
36983,0
36987,0
37004,0
37009,0
37019,0
37072,0
37090,0
37098,0
37133,0
37157,0
37167,0
37182,0
37213,0
37217,0
37238,0
37254,0
37320,0
37324,0
37328,0
37347,0
37356,0
37384,0
37389,0
37400,0
37429,0
37434,0
37447,0
37484,0
37498,0
37502,0
37507,0
37511,0
37516,0
37546,0
37550,0
37555,0
37587,0
37622,0
37633,0
37660,0
37666,0
37676,0
37705,0
37748,0
37752,0
37762,0
37766,0
37776,0
37780,0
37784,0
37792,0
37832,0
37836,0
37852,0
37872,0
37881,0
37920,0
37945,0
37964,0
37976,0
37985,0
38015,0
38025,0
38037,0
38083,0
38099,0
38103,0
38118,0
38130,0
38135,0
38161,0
38188,0
38196,0
38209,0
38213,0
38239,0
38256,0
38261,0
38277,0
38312,0
38321,0
38342,0
38347,0
38367,0
38377,0
38389,0
38428,0
38437,0
38451,0
38492,0
38517,0
38536,0
38545,0
38573,0
38591,0
38614,0
38619,0
38641,0
38654,0
38705,0
38718,0
38783,0
38808,0
38814,0
38820,0
38830,0
38836,0
38871,0
38878,0
38892,0
38922,0
38926,0
38944,0
38948,0
38957,0
38963,0
38967,0
39001,0
39011,0
39025,0
39031,0
39042,0
39075,0
39092,0
39109,0
39122,0
39150,0
39165,0
39195,0
39201,0
39231,0
39262,0
39286,0
39296,0
39305,0
39310,0
39317,0
39323,0
39336,0
39351,0
39362,0
39369,0
39400,0
39436,0
39442,0
39455,0
39463,0
39487,0
39520,0
39537,0
39559,0
39585,0
39591,0
39597,0
39611,0
39619,0
39625,0
39632,0
39644,0
39664,0
39676,0
39680,0
39696,0
39762,0
39766,0
39773,0
39802,0
39808,0
39818,0
39825,0
39841,0
39853,0
39861,0
39881,0
39892,0
39898,0
39907,0
39925,0
39931,0
39939,0
