1,0
59,0
19,0
120,0
125,0
129,0
162,0
199,0
208,0
243,0
253,0
295,0
303,0
339,0
343,0
374,0
378,0
383,0
390,0
401,0
427,0
453,0
457,0
475,0
481,0
510,0
536,0
542,0
558,0
562,0
578,0
590,0
604,0
626,0
654,0
670,0
710,0
729,0
763,0
780,0
787,0
813,0
837,0
864,0
924,0
948,0
956,0
969,0
982,0
1003,0
1009,0
1015,0
1027,0
1088,0
1092,0
1102,0
1114,0
1120,0
1129,0
1145,0
1163,0
1169,0
1197,0
1207,0
1212,0
1227,0
1237,0
1248,0
1281,0
1286,0
1317,0
1325,0
1336,0
1342,0
1351,0
1361,0
1365,0
1378,0
1405,0
1452,0
1461,0
1467,0
1471,0
1485,0
1517,0
1521,0
1550,0
1604,0
1615,0
1629,0
1637,0
1643,0
1696,0
1700,0
1718,0
1724,0
1758,0
1770,0
1803,0
1818,0
1836,0
1843,0
1855,0
1864,0
1886,0
1913,0
1940,0
1956,0
1985,0
1992,0
1996,0
2007,0
2020,0
2029,0
2067,0
2077,0
2095,0
2106,0
2121,0
2127,0
2132,0
2154,0
2179,0
2183,0
2192,0
2211,0
2216,0
2246,0
2256,0
2285,0
2290,0
2313,0
2319,0
2370,0
2406,0
2410,0
2414,0
2472,0
2486,0
2496,0
2518,0
2555,0
2561,0
2565,0
2606,0
2617,0
2627,0
2640,0
2651,0
2656,0
2666,0
2672,0
2682,0
2687,0
2713,0
2724,0
2737,0
2745,0
2749,0
2754,0
2771,0
2789,0
2814,0
2834,0
2865,0
2896,0
2909,0
2943,0
2948,0
2961,0
2994,0
3007,0
3013,0
3029,0
3043,0
3063,0
3068,0
3088,0
3096,0
3100,0
3105,0
3114,0
3125,0
3151,0
3176,0
3182,0
3187,0
3242,0
3263,0
3286,0
3333,0
3343,0
3351,0
3369,0
3373,0
3381,0
3388,0
3410,0
3414,0
3428,0
3439,0
3446,0
3459,0
3468,0
3499,0
3530,0
3551,0
3557,0
3579,0
3588,0
3616,0
3638,0
3650,0
3655,0
3705,0
3717,0
3722,0
3730,0
3753,0
3806,0
3816,0
3822,0
3889,0
3911,0
3931,0
3935,0
3939,0
3943,0
3947,0
3956,0
3975,0
4000,0
4004,0
4008,0
4022,0
4050,0
4057,0
4065,0
4079,0
4106,0
4115,0
4144,0
4179,0
4189,0
4197,0
4201,0
4222,0
4228,0
4252,0
4268,0
4275,0
4281,0
4285,0
4300,0
4369,0
4376,0
4381,0
4411,0
4425,0
4429,0
4438,0
4443,0
4447,0
4458,0
4463,0
4468,0
4487,0
4498,0
4514,0
4518,0
4527,0
4533,0
4543,0
4557,0
4570,0
4591,0
4610,0
4615,0
4619,0
4624,0
4630,0
4686,0
4706,0
4718,0
4723,0
4738,0
4742,0
4746,0
4766,0
4772,0
4798,0
4802,0
4860,0
4866,0
4871,0
4880,0
4891,0
4895,0
4902,0
4911,0
4916,0
4945,0
4959,0
4985,0
4991,0
5003,0
5007,0
5022,0
5041,0
5064,0
5077,0
5089,0
5105,0
5118,0
5122,0
5169,0
5179,0
5189,0
5202,0
5237,0
5253,0
5268,0
5280,0
5313,0
5318,0
5328,0
5347,0
5351,0
5361,0
5379,0
5389,0
5393,0
5413,0
5417,0
5447,0
5476,0
5482,0
5498,0
5504,0
5519,0
5528,0
5564,0
5589,0
5626,0
5638,0
5642,0
5646,0
5665,0
5680,0
5686,0
5721,0
5726,0
5741,0
5745,0
5760,0
5764,0
5773,0
5786,0
5795,0
5800,0
5824,0
5829,0
5853,0
5864,0
5887,0
5900,0
5956,0
5961,0
5982,0
6001,0
6035,0
6052,0
6059,0
6096,0
6115,0
6131,0
6137,0
6143,0
6187,0
6218,0
6223,0
6229,0
6235,0
6242,0
6252,0
6269,0
6290,0
6296,0
6340,0
6354,0
6359,0
6414,0
6419,0
6442,0
6447,0
6455,0
6461,0
6471,0
6481,0
6485,0
6491,0
6500,0
6527,0
6531,0
6536,0
6542,0
6547,0
6640,0
6666,0
6674,0
6679,0
6687,0
6696,0
6725,0
6749,0
6756,0
6775,0
6780,0
6794,0
6811,0
6818,0
6827,0
6839,0
6845,0
6849,0
6888,0
6902,0
6910,0
6916,0
6921,0
6925,0
6948,0
6964,0
6982,0
6988,0
7043,0
7068,0
7074,0
7105,0
7109,0
7116,0
7139,0
7160,0
7188,0
7193,0
7197,0
7215,0
7229,0
7242,0
7249,0
7259,0
7263,0
7277,0
7284,0
7302,0
7323,0
7380,0
7386,0
7395,0
7422,0
7453,0
7470,0
7476,0
7484,0
7490,0
7512,0
7523,0
7540,0
7563,0
7568,0
7578,0
7584,0
7622,0
7637,0
7648,0
7665,0
7704,0
7729,0
7741,0
7753,0
7766,0
7770,0
7803,0
7813,0
7833,0
7856,0
7872,0
7877,0
7887,0
7901,0
7906,0
7935,0
7959,0
7984,0
8000,0
8005,0
8010,0
8017,0
8023,0
8051,0
8056,0
8065,0
8074,0
8088,0
8092,0
8097,0
8154,0
8165,0
8170,0
8193,0
8207,0
8212,0
8239,0
8243,0
8271,0
8294,0
8311,0
8319,0
8332,0
8344,0
8348,0
8365,0
8370,0
8374,0
8396,0
8407,0
8418,0
8424,0
8455,0
8490,0
8495,0
8542,0
8577,0
8605,0
8615,0
8655,0
8668,0
8675,0
8697,0
8707,0
8713,0
8739,0
8766,0
8800,0
8821,0
8847,0
8854,0
8879,0
8884,0
8890,0
8896,0
8926,0
8952,0
8962,0
8968,0
8973,0
8986,0
9019,0
9034,0
9056,0
9087,0
9097,0
9113,0
9134,0
9150,0
9171,0
9190,0
9205,0
9211,0
9221,0
9227,0
9241,0
9262,0
9279,0
9290,0
9313,0
9324,0
9329,0
9335,0
9352,0
9365,0
9376,0
9380,0
9387,0
9401,0
9433,0
9440,0
9471,0
9479,0
9518,0
9535,0
9569,0
9577,0
9599,0
9612,0
9625,0
9630,0
9635,0
9645,0
9649,0
9656,0
9662,0
9671,0
9693,0
9697,0
9707,0
9711,0
9724,0
9729,0
9734,0
9743,0
9767,0
9775,0
9782,0
9801,0
9812,0
9816,0
9822,0
9831,0
9835,0
9846,0
9858,0
9884,0
9889,0
9902,0
9914,0
9965,0
9981,0
9993,0
10009,0
10015,0
10037,0
10042,0
10051,0
10071,0
10081,0
10086,0
10104,0
10126,0
10147,0
10155,0
10160,0
10170,0
10198,0
10277,0
10282,0
10305,0
10317,0
10327,0
10371,0
10385,0
10390,0
10394,0
10406,0
10439,0
10448,0
10463,0
10473,0
10486,0
10509,0
10534,0
10541,0
10575,0
10623,0
10647,0
10659,0
10684,0
10697,0
10716,0
10726,0
10730,0
10750,0
10755,0
10759,0
10788,0
10812,0
10821,0
10827,0
10837,0
10873,0
10878,0
10887,0
10891,0
10911,0
10920,0
10926,0
10935,0
10956,0
10976,0
10985,0
10992,0
11025,0
11029,0
11044,0
11065,0
11069,0
11078,0
11128,0
11140,0
11144,0
11148,0
11164,0
11176,0
11208,0
11214,0
11227,0
11237,0
11252,0
11263,0
11318,0
11323,0
11345,0
11371,0
11375,0
11379,0
11391,0
11396,0
11412,0
11437,0
11443,0
11464,0
11477,0
11482,0
11491,0
11515,0
11540,0
11559,0
11563,0
11579,0
11593,0
11598,0
11610,0
11616,0
11636,0
11644,0
11673,0
11685,0
11694,0
11706,0
11723,0
11731,0
11748,0
11766,0
11796,0
11805,0
11822,0
11829,0
11837,0
11869,0
11877,0
11889,0
11900,0
11910,0
11963,0
11982,0
11993,0
11999,0
12010,0
12014,0
12024,0
12061,0
12065,0
12100,0
12104,0
12143,0
12156,0
12161,0
12165,0
12194,0
12221,0
12248,0
12253,0
12272,0
12288,0
12292,0
12301,0
12305,0
12311,0
12336,0
12340,0
12368,0
12382,0
12390,0
12394,0
12421,0
12431,0
12463,0
12467,0
12495,0
12502,0
12530,0
12534,0
12539,0
12544,0
12549,0
12553,0
12580,0
12584,0
12600,0
12609,0
12624,0
12638,0
12642,0
12650,0
12667,0
12672,0
12683,0
12689,0
12699,0
12704,0
12711,0
12719,0
12724,0
12752,0
12759,0
12764,0
12768,0
12799,0
12815,0
12824,0
12853,0
12859,0
12914,0
12926,0
12932,0
12952,0
12972,0
12977,0
13029,0
13046,0
13059,0
13065,0
13069,0
13086,0
13103,0
13109,0
13129,0
13150,0
13155,0
13165,0
13187,0
13191,0
13195,0
13199,0
13210,0
13214,0
13225,0
13239,0
13276,0
13295,0
13310,0
13314,0
13386,0
13398,0
13410,0
13441,0
13454,0
13477,0
13488,0
13510,0
13515,0
13575,0
13589,0
13619,0
13632,0
13662,0
13667,0
13671,0
13675,0
13701,0
13705,0
13710,0
13720,0
13731,0
13754,0
13775,0
13825,0
13847,0
13855,0
13860,0
13887,0
13907,0
13911,0
13917,0
13925,0
13930,0
13949,0
13969,0
13988,0
14015,0
14033,0
14039,0
14043,0
14047,0
14074,0
14078,0
14087,0
14099,0
14109,0
14142,0
14164,0
14170,0
14175,0
14198,0
14220,0
14244,0
14248,0
14273,0
14277,0
14295,0
14301,0
14305,0
14329,0
14368,0
14393,0
14399,0
14407,0
14411,0
14424,0
14433,0
14443,0
14447,0
14452,0
14460,0
14472,0
14480,0
14525,0
14535,0
14558,0
14571,0
14575,0
14580,0
14604,0
14625,0
14635,0
14647,0
14686,0
14690,0
14701,0
14706,0
14712,0
14726,0
14733,0
14753,0
14759,0
14774,0
14779,0
14790,0
14812,0
14817,0
14836,0
14841,0
14867,0
14876,0
14902,0
14906,0
14911,0
14915,0
14927,0
14938,0
14947,0
14959,0
14993,0
15015,0
15024,0
15044,0
15082,0
15088,0
15094,0
15113,0
15117,0
15142,0
15160,0
15180,0
15195,0
15224,0
15241,0
15262,0
15267,0
15273,0
15277,0
15281,0
15286,0
15291,0
15302,0
15313,0
15317,0
15342,0
15347,0
15362,0
15369,0
15375,0
15389,0
15422,0
15427,0
15432,0
15439,0
15448,0
15472,0
15482,0
15496,0
15506,0
15512,0
15522,0
15535,0
15546,0
15582,0
15600,0
15613,0
15617,0
15646,0
15659,0
15668,0
15677,0
15713,0
15732,0
15760,0
15767,0
15840,0
15849,0
15863,0
15872,0
15878,0
15912,0
15916,0
15922,0
15943,0
15947,0
15951,0
15962,0
15980,0
15993,0
16002,0
16016,0
16022,0
16041,0
16047,0
16116,0
16138,0
16156,0
16168,0
16208,0
16236,0
16264,0
16270,0
16295,0
16309,0
16314,0
16328,0
16333,0
16346,0
16367,0
16380,0
16388,0
16418,0
16458,0
16468,0
16476,0
16485,0
16495,0
16499,0
16513,0
16532,0
16542,0
16565,0
16575,0
16589,0
16612,0
16617,0
16623,0
16651,0
16661,0
16665,0
16671,0
16681,0
16697,0
16703,0
16714,0
16724,0
16740,0
16747,0
16779,0
16784,0
16834,0
16852,0
16861,0
16872,0
16937,0
16942,0
16955,0
16964,0
17007,0
17018,0
17024,0
17060,0
17091,0
17108,0
17126,0
17158,0
17168,0
17193,0
17203,0
17209,0
17215,0
17235,0
17283,0
17289,0
17295,0
17299,0
17344,0
17386,0
17393,0
17399,0
17439,0
17443,0
17492,0
17503,0
17513,0
17527,0
17532,0
17537,0
17541,0
17571,0
17617,0
17664,0
17702,0
17728,0
17732,0
17762,0
17766,0
17772,0
17776,0
17780,0
17784,0
17815,0
17819,0
17833,0
17838,0
17848,0
17878,0
17883,0
17891,0
17895,0
17900,0
17965,0
17969,0
17982,0
17990,0
18019,0
18023,0
18036,0
18097,0
18103,0
18111,0
18121,0
18131,0
18142,0
18157,0
18161,0
18187,0
18251,0
18261,0
18269,0
18275,0
18292,0
18304,0
18317,0
18329,0
18335,0
18339,0
18349,0
18375,0
18383,0
18393,0
18413,0
18444,0
18458,0
18468,0
18472,0
18477,0
18483,0
18505,0
18515,0
18526,0
18546,0
18571,0
18578,0
18583,0
18593,0
18617,0
18626,0
18672,0
18693,0
18698,0
18716,0
18724,0
18737,0
18743,0
18755,0
18762,0
18773,0
18784,0
18788,0
18803,0
18812,0
18840,0
18857,0
18866,0
18871,0
18883,0
18896,0
18905,0
18914,0
18922,0
18955,0
18960,0
19016,0
19030,0
19045,0
19063,0
19067,0
19080,0
19095,0
19125,0
19153,0
19182,0
19188,0
19197,0
19216,0
19263,0
19277,0
19286,0
19302,0
19308,0
19324,0
19347,0
19405,0
19431,0
19445,0
19450,0
19473,0
19477,0
19495,0
19587,0
19618,0
19622,0
19631,0
19637,0
19647,0
19655,0
19661,0
19678,0
19716,0
19724,0
19733,0
19738,0
19747,0
19782,0
19812,0
19823,0
19861,0
19896,0
19901,0
19905,0
19930,0
19945,0
19954,0
19960,0
19971,0
19978,0
19990,0
19995,0
20023,0
20028,0
20040,0
20050,0
20054,0
20058,0
20117,0
20121,0
20126,0
20169,0
20181,0
20186,0
20204,0
20223,0
20229,0
20274,0
20420,0
20425,0
20431,0
20446,0
20488,0
20493,0
20516,0
20595,0
20607,0
20649,0
20656,0
20669,0
20727,0
20748,0
20765,0
20782,0
20796,0
20800,0
20805,0
20809,0
20816,0
20828,0
20847,0
20872,0
20877,0
20894,0
20926,0
20946,0
20957,0
20981,0
21036,0
21044,0
21050,0
21054,0
21064,0
21083,0
21100,0
21149,0
21159,0
21173,0
21191,0
21207,0
21211,0
21228,0
21235,0
21240,0
21263,0
21283,0
21287,0
21294,0
21303,0
21325,0
21356,0
21370,0
21396,0
21402,0
21421,0
21431,0
21483,0
21499,0
21511,0
21532,0
21536,0
21558,0
21587,0
21591,0
21597,0
21605,0
21615,0
21628,0
21632,0
21638,0
21649,0
21672,0
21728,0
21736,0
21756,0
21773,0
21791,0
21819,0
21839,0
21845,0
21850,0
21855,0
21873,0
21893,0
21904,0
21912,0
21925,0
21932,0
21953,0
21962,0
21977,0
21983,0
21987,0
22008,0
22020,0
22031,0
22047,0
22069,0
22082,0
22087,0
22104,0
22120,0
22125,0
22137,0
22144,0
22171,0
22175,0
22181,0
22199,0
22208,0
22241,0
22280,0
22298,0
22344,0
22365,0
22381,0
22399,0
22413,0
22428,0
22453,0
22485,0
22507,0
22516,0
22525,0
22540,0
22552,0
22566,0
22570,0
22584,0
22603,0
22637,0
22642,0
22706,0
22710,0
22750,0
22754,0
22767,0
22775,0
22793,0
22813,0
22839,0
22848,0
22878,0
22928,0
22957,0
22962,0
22968,0
23018,0
23044,0
23048,0
23057,0
23062,0
23112,0
23125,0
23129,0
23135,0
23140,0
23148,0
23153,0
23166,0
23175,0
23188,0
23196,0
23203,0
23210,0
23221,0
23236,0
23251,0
23255,0
23270,0
23279,0
23284,0
23315,0
23340,0
23349,0
23395,0
23403,0
23413,0
23514,0
23524,0
23528,0
23540,0
23545,0
23551,0
23558,0
23573,0
23577,0
23599,0
23657,0
23661,0
23710,0
23723,0
23741,0
23756,0
23779,0
23785,0
23794,0
23805,0
23825,0
23848,0
23854,0
23877,0
23890,0
23914,0
23937,0
23941,0
23952,0
23977,0
23999,0
24009,0
24052,0
24058,0
24090,0
24095,0
24129,0
24134,0
24158,0
24167,0
24179,0
24195,0
24205,0
24215,0
24225,0
24243,0
24269,0
24289,0
24317,0
24329,0
24333,0
24344,0
24361,0
24371,0
24378,0
24382,0
24386,0
24429,0
24435,0
24468,0
24481,0
24487,0
24497,0
24528,0
24540,0
24549,0
24569,0
24594,0
24606,0
24610,0
24614,0
24625,0
24636,0
24654,0
24663,0
24680,0
24697,0
24701,0
24715,0
24750,0
24754,0
24770,0
24775,0
24779,0
24797,0
24837,0
24860,0
24869,0
24880,0
24907,0
24925,0
24966,0
24977,0
25006,0
25016,0
25046,0
25064,0
25086,0
25091,0
25098,0
25102,0
25115,0
25119,0
25177,0
25187,0
25275,0
25294,0
25310,0
25332,0
25359,0
25370,0
25374,0
25379,0
25444,0
25455,0
25514,0
25530,0
25535,0
25540,0
25566,0
25577,0
25591,0
25595,0
25609,0
25644,0
25666,0
25680,0
25696,0
25701,0
25711,0
25722,0
25749,0
25759,0
25770,0
25800,0
25824,0
25829,0
25840,0
25887,0
25897,0
25911,0
25923,0
25940,0
25955,0
25978,0
25994,0
26001,0
26005,0
26014,0
26019,0
26049,0
26055,0
26065,0
26082,0
26092,0
26097,0
26103,0
26116,0
26144,0
26164,0
26173,0
26177,0
26182,0
26214,0
26288,0
26302,0
26317,0
26352,0
26361,0
26365,0
26370,0
26384,0
26404,0
26409,0
26413,0
26434,0
26457,0
26463,0
26473,0
26477,0
26489,0
26495,0
26510,0
26548,0
26552,0
26579,0
26588,0
26609,0
26616,0
26639,0
26649,0
26654,0
26668,0
26687,0
26727,0
26742,0
26747,0
26753,0
26759,0
26772,0
26791,0
26800,0
26811,0
26822,0
26841,0
26881,0
26902,0
26917,0
26923,0
26943,0
26947,0
26977,0
26993,0
27006,0
27020,0
27025,0
27058,0
27062,0
27072,0
27078,0
27094,0
27103,0
27117,0
27122,0
27149,0
27168,0
27177,0
27189,0
27194,0
27199,0
27203,0
27225,0
27230,0
27252,0
27264,0
27268,0
27284,0
27312,0
27346,0
27363,0
27380,0
27384,0
27398,0
27416,0
27421,0
27432,0
27493,0
27497,0
27502,0
27512,0
27542,0
27563,0
27631,0
27643,0
27647,0
27662,0
27677,0
27707,0
27725,0
27770,0
27807,0
27812,0
27821,0
27848,0
27852,0
27867,0
27873,0
27884,0
27931,0
27940,0
27947,0
27958,0
27981,0
28029,0
28038,0
28044,0
28060,0
28075,0
28083,0
28100,0
28107,0
28130,0
28136,0
28144,0
28207,0
28219,0
28239,0
28243,0
28267,0
28277,0
28300,0
28334,0
28345,0
28359,0
28388,0
28458,0
28465,0
28472,0
28524,0
28532,0
28570,0
28585,0
28605,0
28611,0
28628,0
28632,0
28641,0
28651,0
28663,0
28669,0
28693,0
28707,0
28711,0
28723,0
28742,0
28746,0
28772,0
28785,0
28791,0
28809,0
28814,0
28822,0
28836,0
28844,0
28884,0
28890,0
28894,0
28909,0
28913,0
28936,0
28947,0
28956,0
28961,0
28976,0
28991,0
29014,0
29040,0
29046,0
29056,0
29064,0
29079,0
29095,0
29105,0
29155,0
29176,0
29184,0
29188,0
29193,0
29204,0
29255,0
29265,0
29278,0
29287,0
29293,0
29330,0
29342,0
29378,0
29384,0
29393,0
29405,0
29410,0
29414,0
29418,0
29431,0
29464,0
29479,0
29490,0
29506,0
29517,0
29526,0
29548,0
29556,0
29568,0
29590,0
29612,0
29628,0
29647,0
29654,0
29663,0
29673,0
29711,0
29722,0
29734,0
29751,0
29760,0
29764,0
29768,0
29776,0
29790,0
29800,0
29809,0
29817,0
29840,0
29866,0
29871,0
29875,0
29879,0
29904,0
29916,0
29933,0
29977,0
29987,0
30013,0
30056,0
30076,0
30095,0
30107,0
30128,0
30142,0
30148,0
30195,0
30219,0
30225,0
30230,0
30250,0
30259,0
30266,0
30288,0
30296,0
30307,0
30319,0
30334,0
30339,0
30347,0
30358,0
30372,0
30376,0
30389,0
30397,0
30407,0
30411,0
30441,0
30452,0
30464,0
30470,0
30481,0
30536,0
30545,0
30549,0
30561,0
30571,0
30576,0
30581,0
30591,0
30621,0
30663,0
30673,0
30683,0
30692,0
30696,0
30706,0
30730,0
30741,0
30779,0
30796,0
30808,0
30822,0
30832,0
30868,0
30883,0
30887,0
30897,0
30929,0
30935,0
30939,0
30982,0
31003,0
31015,0
31056,0
31070,0
31081,0
31087,0
31095,0
31099,0
31111,0
31126,0
31141,0
31146,0
31153,0
31157,0
31171,0
31182,0
31191,0
31226,0
31232,0
31258,0
31277,0
31297,0
31315,0
31319,0
31324,0
31356,0
31386,0
31391,0
31396,0
31452,0
31456,0
31460,0
31473,0
31477,0
31482,0
31492,0
31540,0
31557,0
31571,0
31590,0
31600,0
31604,0
31617,0
31622,0
31629,0
31638,0
31644,0
31653,0
31664,0
31668,0
31702,0
31735,0
31750,0
31756,0
31785,0
31797,0
31814,0
31824,0
31831,0
31860,0
31889,0
31907,0
31939,0
31949,0
31961,0
31979,0
31985,0
32005,0
32022,0
32061,0
32067,0
32076,0
32110,0
32123,0
32142,0
32157,0
32161,0
32202,0
32212,0
32221,0
32257,0
32267,0
32273,0
32277,0
32282,0
32290,0
32297,0
32308,0
32328,0
32334,0
32354,0
32358,0
32366,0
32377,0
32390,0
32428,0
32441,0
32453,0
32477,0
32482,0
32514,0
32518,0
32524,0
32554,0
32564,0
32587,0
32606,0
32612,0
32616,0
32629,0
32633,0
32639,0
32687,0
32715,0
32719,0
32724,0
32755,0
32761,0
32796,0
32813,0
32817,0
32823,0
32827,0
32838,0
32865,0
32869,0
32873,0
32947,0
32956,0
32962,0
32966,0
33024,0
33028,0
33038,0
33042,0
33051,0
33057,0
33069,0
33080,0
33095,0
33102,0
33106,0
33115,0
33126,0
33140,0
33156,0
33163,0
33184,0
33190,0
33196,0
33211,0
33220,0
33293,0
33299,0
33308,0
33315,0
33354,0
33358,0
33365,0
33369,0
33398,0
33403,0
33408,0
33449,0
33464,0
33478,0
33491,0
33497,0
33505,0
33509,0
33516,0
33523,0
33538,0
33544,0
33556,0
33562,0
33605,0
33620,0
33625,0
33646,0
33650,0
33691,0
33751,0
33758,0
33769,0
33775,0
33784,0
33789,0
33803,0
33807,0
33818,0
33838,0
33843,0
33851,0
33856,0
33861,0
33875,0
33885,0
33908,0
33930,0
33971,0
33985,0
34010,0
34026,0
34057,0
34063,0
34067,0
34071,0
34096,0
34100,0
34116,0
34130,0
34135,0
34145,0
34152,0
34158,0
34180,0
34190,0
34195,0
34228,0
34268,0
34283,0
34295,0
34304,0
34313,0
34318,0
34345,0
34350,0
34362,0
34381,0
34406,0
34421,0
34449,0
34456,0
34468,0
34510,0
34538,0
34543,0
34553,0
34566,0
34581,0
34597,0
34617,0
34644,0
34668,0
34673,0
34691,0
34699,0
34704,0
34710,0
34715,0
34735,0
34744,0
34749,0
34757,0
34762,0
34786,0
34803,0
34818,0
34842,0
34847,0
34879,0
34904,0
34932,0
34962,0
34968,0
34972,0
34977,0
34982,0
35004,0
35012,0
35027,0
35064,0
35083,0
35101,0
35107,0
35117,0
35139,0
35158,0
35164,0
35168,0
35173,0
35193,0
35203,0
35207,0
35211,0
35221,0
35248,0
35273,0
35277,0
35367,0
35379,0
35437,0
35449,0
35465,0
35469,0
35494,0
35502,0
35507,0
35533,0
35538,0
35544,0
35566,0
35593,0
35597,0
35621,0
35632,0
35641,0
35652,0
35667,0
35672,0
35687,0
35692,0
35722,0
35726,0
35735,0
35766,0
35775,0
35781,0
35801,0
35812,0
35820,0
35856,0
35883,0
35897,0
35928,0
35947,0
35966,0
35982,0
35992,0
36016,0
36021,0
36031,0
36051,0
36059,0
36082,0
36098,0
36102,0
36129,0
36165,0
36169,0
36180,0
36201,0
36219,0
36224,0
36228,0
36238,0
36248,0
36289,0
36316,0
36338,0
36343,0
36353,0
36405,0
36465,0
36489,0
36497,0
36573,0
36578,0
36606,0
36632,0
36640,0
36652,0
36708,0
36721,0
36737,0
36775,0
36779,0
36803,0
36834,0
36862,0
36867,0
36872,0
36890,0
36911,0
36917,0
36924,0
36933,0
36947,0
36964,0
36970,0
36976,0
36986,0
36991,0
36996,0
37026,0
37044,0
37051,0
37057,0
37065,0
37071,0
37093,0
37112,0
37145,0
37160,0
37185,0
37202,0
37216,0
37230,0
37234,0
37241,0
37270,0
37274,0
37306,0
37315,0
37319,0
37335,0
37346,0
37351,0
37372,0
37379,0
37383,0
37420,0
37432,0
37458,0
37477,0
37483,0
37506,0
37515,0
37527,0
37531,0
37537,0
37571,0
37579,0
37586,0
37604,0
37610,0
37614,0
37654,0
37659,0
37727,0
37738,0
37756,0
37765,0
37787,0
37791,0
37813,0
37818,0
37823,0
37841,0
37857,0
37863,0
37914,0
37919,0
37931,0
37958,0
37967,0
37971,0
37997,0
38035,0
38049,0
38059,0
38094,0
38102,0
38107,0
38125,0
38141,0
38147,0
38200,0
38206,0
38216,0
38224,0
38255,0
38265,0
38306,0
38329,0
38352,0
38372,0
38403,0
38412,0
38426,0
38435,0
38448,0
38454,0
38466,0
38486,0
38521,0
38562,0
38601,0
38631,0
38635,0
38664,0
38669,0
38708,0
38715,0
38764,0
38774,0
38778,0
38782,0
38805,0
38818,0
38829,0
38835,0
38841,0
38857,0
38861,0
38866,0
38886,0
38925,0
38962,0
38974,0
39030,0
39041,0
39046,0
39053,0
39063,0
39134,0
39138,0
39148,0
39168,0
39193,0
39234,0
39243,0
39269,0
39282,0
39295,0
39315,0
39382,0
39399,0
39426,0
39430,0
39440,0
39466,0
39486,0
39498,0
39512,0
39519,0
39525,0
39536,0
39545,0
39552,0
39562,0
39569,0
39573,0
39595,0
39610,0
39614,0
39667,0
39671,0
39679,0
39701,0
39706,0
39718,0
39760,0
39765,0
39771,0
39777,0
39786,0
39790,0
39797,0
39807,0
39814,0
39835,0
39844,0
39860,0
39865,0
39873,0
39910,0
39914,0
39944,0
