8,0
53,0
78,0
81,0
102,0
115,0
133,0
138,0
155,0
165,0
172,0
180,0
184,0
224,0
130,0
242,0
247,0
252,0
269,0
300,0
323,0
45,0
342,0
353,0
382,0
419,0
471,0
479,0
484,0
504,0
509,0
515,0
535,0
624,0
629,0
639,0
653,0
661,0
690,0
709,0
723,0
735,0
757,0
762,0
768,0
778,0
791,0
801,0
822,0
835,0
855,0
870,0
885,0
901,0
918,0
922,0
928,0
947,0
954,0
980,0
992,0
997,0
1018,0
1031,0
1049,0
1053,0
1058,0
1073,0
1077,0
1087,0
1101,0
1113,0
1138,0
1156,0
1167,0
1205,0
1216,0
1226,0
1254,0
1263,0
1284,0
1298,0
1329,0
1335,0
1346,0
1354,0
1368,0
1372,0
1382,0
1409,0
1459,0
1470,0
1475,0
1479,0
1511,0
1516,0
1549,0
1564,0
1573,0
1577,0
1581,0
1593,0
1598,0
1603,0
1607,0
1618,0
1640,0
1665,0
1671,0
1689,0
1703,0
1711,0
1723,0
1749,0
1757,0
1779,0
1817,0
1829,0
1848,0
1858,0
1863,0
1872,0
1900,0
1907,0
1939,0
1964,0
1983,0
1988,0
2023,0
2053,0
2060,0
2071,0
2083,0
2099,0
2104,0
2125,0
2146,0
2167,0
2177,0
2191,0
2219,0
2261,0
2279,0
2305,0
2311,0
2327,0
2344,0
2355,0
2382,0
2409,0
2424,0
2429,0
2450,0
2460,0
2481,0
2510,0
2517,0
2521,0
2531,0
2542,0
2564,0
2568,0
2574,0
2579,0
2605,0
2654,0
2661,0
2665,0
2671,0
2690,0
2701,0
2705,0
2722,0
2727,0
2736,0
2748,0
2780,0
2784,0
2793,0
2805,0
2818,0
2822,0
2853,0
2880,0
2894,0
2920,0
2927,0
2931,0
2953,0
2982,0
3006,0
3028,0
3053,0
3062,0
3123,0
3133,0
3144,0
3154,0
3158,0
3181,0
3186,0
3209,0
3220,0
3225,0
3241,0
3262,0
3275,0
3305,0
3311,0
3319,0
3327,0
3346,0
3354,0
3367,0
3380,0
3386,0
3393,0
3398,0
3408,0
3413,0
3438,0
3444,0
3449,0
3471,0
3489,0
3524,0
3582,0
3587,0
3599,0
3605,0
3610,0
3614,0
3625,0
3629,0
3649,0
3685,0
3715,0
3735,0
3747,0
3752,0
3756,0
3820,0
3828,0
3839,0
3845,0
3851,0
3876,0
3892,0
3925,0
3946,0
3950,0
3954,0
3979,0
3999,0
4017,0
4042,0
4049,0
4069,0
4077,0
4088,0
4105,0
4109,0
4143,0
4160,0
4188,0
4211,0
4239,0
4244,0
4251,0
4255,0
4274,0
4280,0
4284,0
4332,0
4385,0
4389,0
4395,0
4451,0
4472,0
4490,0
4506,0
4511,0
4523,0
4538,0
4546,0
4551,0
4568,0
4575,0
4603,0
4614,0
4634,0
4648,0
4654,0
4663,0
4667,0
4682,0
4690,0
4705,0
4711,0
4717,0
4745,0
4782,0
4791,0
4801,0
4814,0
4826,0
4838,0
4843,0
4847,0
4859,0
4870,0
4875,0
4879,0
4884,0
4920,0
4929,0
4944,0
4962,0
4968,0
4972,0
5044,0
5067,0
5082,0
5121,0
5137,0
5150,0
5164,0
5168,0
5184,0
5199,0
5227,0
5231,0
5241,0
5246,0
5262,0
5267,0
5271,0
5288,0
5297,0
5301,0
5311,0
5321,0
5350,0
5402,0
5408,0
5416,0
5427,0
5446,0
5465,0
5470,0
5481,0
5493,0
5526,0
5541,0
5550,0
5592,0
5597,0
5609,0
5636,0
5641,0
5645,0
5664,0
5736,0
5750,0
5785,0
5805,0
5833,0
5856,0
5863,0
5867,0
5872,0
5913,0
5936,0
5949,0
5964,0
5969,0
5973,0
6006,0
6058,0
6078,0
6100,0
6123,0
6141,0
6164,0
6175,0
6191,0
6199,0
6257,0
6272,0
6305,0
6332,0
6353,0
6368,0
6372,0
6386,0
6397,0
6403,0
6413,0
6423,0
6431,0
6436,0
6479,0
6484,0
6521,0
6526,0
6530,0
6535,0
6541,0
6546,0
6551,0
6555,0
6561,0
6566,0
6571,0
6581,0
6591,0
6596,0
6627,0
6639,0
6648,0
6661,0
6665,0
6678,0
6682,0
6691,0
6709,0
6754,0
6763,0
6783,0
6797,0
6805,0
6870,0
6900,0
6909,0
6919,0
6960,0
6971,0
6981,0
6998,0
7017,0
7023,0
7048,0
7059,0
7064,0
7072,0
7103,0
7119,0
7128,0
7133,0
7138,0
7142,0
7163,0
7176,0
7187,0
7192,0
7213,0
7276,0
7345,0
7367,0
7385,0
7391,0
7406,0
7430,0
7463,0
7475,0
7483,0
7498,0
7576,0
7593,0
7613,0
7647,0
7659,0
7670,0
7677,0
7708,0
7716,0
7740,0
7744,0
7748,0
7757,0
7775,0
7796,0
7806,0
7820,0
7860,0
7892,0
7921,0
7947,0
7980,0
7987,0
7992,0
8004,0
8009,0
8026,0
8030,0
8034,0
8044,0
8048,0
8063,0
8069,0
8077,0
8087,0
8112,0
8119,0
8132,0
8136,0
8146,0
8157,0
8164,0
8191,0
8210,0
8242,0
8264,0
8281,0
8293,0
8306,0
8316,0
8359,0
8400,0
8406,0
8417,0
8468,0
8483,0
8517,0
8541,0
8576,0
8593,0
8604,0
8613,0
8624,0
8682,0
8691,0
8721,0
8765,0
8793,0
8798,0
8804,0
8810,0
8815,0
8820,0
8833,0
8846,0
8883,0
8889,0
8905,0
8909,0
8917,0
8935,0
8955,0
8989,0
9000,0
9018,0
9023,0
9044,0
9064,0
9073,0
9096,0
9128,0
9137,0
9154,0
9184,0
9204,0
9210,0
9225,0
9232,0
9240,0
9247,0
9273,0
9332,0
9338,0
9362,0
9386,0
9407,0
9412,0
9418,0
9422,0
9427,0
9461,0
9466,0
9470,0
9491,0
9495,0
9513,0
9522,0
9547,0
9557,0
9562,0
9568,0
9576,0
9581,0
9587,0
9611,0
9623,0
9629,0
9634,0
9655,0
9685,0
9700,0
9715,0
9728,0
9742,0
9748,0
9795,0
9807,0
9866,0
9878,0
9888,0
9911,0
9923,0
9945,0
9953,0
9958,0
9963,0
9969,0
9975,0
9979,0
9984,0
10019,0
10036,0
10040,0
10046,0
10050,0
10054,0
10065,0
10085,0
10090,0
10102,0
10107,0
10140,0
10146,0
10186,0
10214,0
10226,0
10244,0
10248,0
10253,0
10258,0
10271,0
10292,0
10304,0
10344,0
10356,0
10384,0
10389,0
10400,0
10423,0
10442,0
10456,0
10462,0
10479,0
10484,0
10495,0
10517,0
10570,0
10590,0
10604,0
10610,0
10636,0
10642,0
10646,0
10658,0
10663,0
10679,0
10700,0
10705,0
10729,0
10749,0
10776,0
10783,0
10795,0
10799,0
10824,0
10831,0
10841,0
10852,0
10877,0
10890,0
10895,0
10910,0
10919,0
10924,0
10946,0
10953,0
10964,0
10968,0
11003,0
11054,0
11073,0
11082,0
11096,0
11107,0
11115,0
11121,0
11131,0
11147,0
11152,0
11162,0
11174,0
11207,0
11213,0
11222,0
11247,0
11262,0
11268,0
11289,0
11299,0
11306,0
11322,0
11350,0
11355,0
11382,0
11390,0
11405,0
11410,0
11422,0
11426,0
11430,0
11446,0
11471,0
11529,0
11549,0
11557,0
11562,0
11578,0
11584,0
11592,0
11621,0
11631,0
11635,0
11639,0
11643,0
11684,0
11698,0
11742,0
11751,0
11769,0
11777,0
11794,0
11799,0
11804,0
11811,0
11836,0
11841,0
11858,0
11882,0
11894,0
11899,0
11905,0
11918,0
11945,0
11956,0
11975,0
11986,0
12030,0
12070,0
12087,0
12103,0
12116,0
12121,0
12126,0
12132,0
12154,0
12169,0
12214,0
12231,0
12247,0
12264,0
12304,0
12334,0
12358,0
12362,0
12376,0
12385,0
12393,0
12405,0
12462,0
12466,0
12470,0
12479,0
12494,0
12500,0
12506,0
12510,0
12548,0
12562,0
12583,0
12588,0
12594,0
12603,0
12623,0
12633,0
12637,0
12641,0
12654,0
12670,0
12688,0
12698,0
12714,0
12731,0
12787,0
12791,0
12828,0
12852,0
12862,0
12866,0
12880,0
12913,0
12918,0
12929,0
12946,0
12951,0
12956,0
12968,0
12982,0
13007,0
13034,0
13038,0
13073,0
13079,0
13092,0
13120,0
13137,0
13149,0
13154,0
13163,0
13186,0
13213,0
13229,0
13237,0
13242,0
13252,0
13258,0
13263,0
13275,0
13279,0
13289,0
13293,0
13313,0
13328,0
13353,0
13359,0
13364,0
13370,0
13380,0
13397,0
13402,0
13430,0
13434,0
13453,0
13460,0
13471,0
13475,0
13504,0
13509,0
13557,0
13574,0
13584,0
13593,0
13616,0
13623,0
13631,0
13636,0
13670,0
13704,0
13744,0
13757,0
13762,0
13774,0
13782,0
13808,0
13830,0
13835,0
13901,0
13910,0
13964,0
14008,0
14014,0
14019,0
14025,0
14031,0
14052,0
14057,0
14069,0
14094,0
14098,0
14108,0
14134,0
14169,0
14181,0
14252,0
14267,0
14294,0
14316,0
14320,0
14343,0
14348,0
14356,0
14360,0
14365,0
14392,0
14406,0
14418,0
14423,0
14427,0
14432,0
14436,0
14442,0
14455,0
14459,0
14466,0
14471,0
14494,0
14498,0
14532,0
14549,0
14554,0
14562,0
14583,0
14592,0
14608,0
14650,0
14669,0
14681,0
14693,0
14716,0
14720,0
14725,0
14731,0
14751,0
14765,0
14773,0
14782,0
14789,0
14793,0
14820,0
14844,0
14859,0
14866,0
14875,0
14880,0
14885,0
14889,0
14901,0
14905,0
14909,0
14925,0
14941,0
14950,0
14958,0
14962,0
14968,0
14981,0
15005,0
15019,0
15029,0
15034,0
15039,0
15043,0
15051,0
15055,0
15066,0
15076,0
15093,0
15106,0
15116,0
15120,0
15124,0
15129,0
15137,0
15141,0
15148,0
15163,0
15168,0
15174,0
15199,0
15206,0
15250,0
15256,0
15261,0
15296,0
15305,0
15340,0
15346,0
15382,0
15387,0
15401,0
15426,0
15431,0
15437,0
15446,0
15467,0
15505,0
15511,0
15550,0
15555,0
15564,0
15585,0
15589,0
15595,0
15599,0
15612,0
15621,0
15627,0
15632,0
15645,0
15667,0
15691,0
15738,0
15766,0
15771,0
15782,0
15799,0
15830,0
15835,0
15866,0
15871,0
15905,0
15920,0
15925,0
15931,0
15938,0
15956,0
15988,0
16001,0
16021,0
16046,0
16050,0
16070,0
16084,0
16131,0
16143,0
16155,0
16167,0
16207,0
16211,0
16220,0
16235,0
16244,0
16300,0
16312,0
16317,0
16336,0
16345,0
16365,0
16391,0
16398,0
16424,0
16431,0
16448,0
16457,0
16465,0
16494,0
16507,0
16536,0
16541,0
16569,0
16587,0
16616,0
16621,0
16627,0
16640,0
16689,0
16694,0
16702,0
16706,0
16713,0
16729,0
16734,0
16745,0
16751,0
16788,0
16796,0
16800,0
16860,0
16864,0
16879,0
16883,0
16891,0
16962,0
16984,0
17002,0
17016,0
17048,0
17059,0
17071,0
17096,0
17102,0
17119,0
17124,0
17147,0
17151,0
17166,0
17207,0
17213,0
17225,0
17244,0
17258,0
17262,0
17274,0
17316,0
17381,0
17404,0
17420,0
17427,0
17458,0
17491,0
17497,0
17512,0
17525,0
17540,0
17544,0
17558,0
17566,0
17580,0
17589,0
17601,0
17611,0
17644,0
17651,0
17672,0
17678,0
17706,0
17714,0
17742,0
17765,0
17783,0
17789,0
17795,0
17809,0
17814,0
17837,0
17862,0
17866,0
17877,0
17888,0
17904,0
17914,0
17924,0
17934,0
17938,0
17948,0
17960,0
17968,0
17975,0
17988,0
17998,0
18022,0
18047,0
18051,0
18064,0
18075,0
18089,0
18095,0
18100,0
18119,0
18125,0
18141,0
18151,0
18164,0
18180,0
18208,0
18220,0
18241,0
18264,0
18273,0
18298,0
18311,0
18316,0
18334,0
18338,0
18353,0
18367,0
18371,0
18398,0
18411,0
18425,0
18429,0
18435,0
18439,0
18443,0
18448,0
18453,0
18457,0
18476,0
18503,0
18508,0
18525,0
18592,0
18596,0
18600,0
18629,0
18636,0
18663,0
18706,0
18711,0
18715,0
18722,0
18740,0
18783,0
18791,0
18796,0
18802,0
18815,0
18821,0
18835,0
18844,0
18851,0
18856,0
18860,0
18865,0
18881,0
18904,0
18920,0
18954,0
18986,0
19043,0
19062,0
19077,0
19094,0
19100,0
19107,0
19119,0
19130,0
19137,0
19141,0
19146,0
19173,0
19192,0
19201,0
19205,0
19220,0
19225,0
19262,0
19280,0
19289,0
19328,0
19332,0
19337,0
19362,0
19388,0
19394,0
19429,0
19449,0
19453,0
19465,0
19476,0
19526,0
19557,0
19567,0
19581,0
19590,0
19602,0
19621,0
19640,0
19698,0
19702,0
19715,0
19719,0
19732,0
19755,0
19759,0
19786,0
19811,0
19826,0
19864,0
19912,0
19949,0
19959,0
19994,0
20013,0
20020,0
20026,0
20039,0
20049,0
20053,0
20057,0
20095,0
20099,0
20110,0
20141,0
20164,0
20168,0
20172,0
20176,0
20217,0
20222,0
20237,0
20271,0
20315,0
20346,0
20366,0
20377,0
20388,0
20404,0
20419,0
20445,0
20456,0
20486,0
20512,0
20519,0
20543,0
20574,0
20578,0
20598,0
20620,0
20625,0
20659,0
20673,0
20721,0
20736,0
20747,0
20751,0
20776,0
20795,0
20808,0
20819,0
20834,0
20846,0
20853,0
20888,0
20906,0
20921,0
20937,0
20945,0
20949,0
20961,0
20980,0
21004,0
21031,0
21043,0
21067,0
21091,0
21103,0
21111,0
21122,0
21131,0
21142,0
21148,0
21154,0
21158,0
21164,0
21182,0
21189,0
21202,0
21210,0
21222,0
21227,0
21239,0
21248,0
21257,0
21282,0
21293,0
21301,0
21310,0
21369,0
21378,0
21401,0
21405,0
21426,0
21430,0
21436,0
21452,0
21456,0
21460,0
21506,0
21510,0
21520,0
21527,0
21580,0
21600,0
21642,0
21686,0
21708,0
21712,0
21735,0
21747,0
21803,0
21807,0
21849,0
21854,0
21903,0
21907,0
21916,0
21920,0
21924,0
21936,0
21952,0
21961,0
21975,0
22001,0
22019,0
22025,0
22064,0
22094,0
22113,0
22132,0
22158,0
22180,0
22189,0
22198,0
22202,0
22207,0
22219,0
22255,0
22268,0
22279,0
22332,0
22343,0
22348,0
22379,0
22385,0
22421,0
22440,0
22457,0
22501,0
22528,0
22550,0
22560,0
22573,0
22578,0
22583,0
22587,0
22600,0
22606,0
22620,0
22668,0
22688,0
22697,0
22701,0
22716,0
22733,0
22743,0
22765,0
22780,0
22788,0
22792,0
22812,0
22816,0
22825,0
22837,0
22861,0
22897,0
22912,0
22961,0
22993,0
23009,0
23043,0
23047,0
23055,0
23068,0
23115,0
23124,0
23128,0
23134,0
23156,0
23208,0
23220,0
23273,0
23278,0
23283,0
23287,0
23304,0
23323,0
23333,0
23338,0
23362,0
23375,0
23381,0
23421,0
23431,0
23435,0
23446,0
23452,0
23457,0
23461,0
23483,0
23488,0
23496,0
23513,0
23519,0
23535,0
23544,0
23557,0
23568,0
23581,0
23619,0
23623,0
23628,0
23650,0
23683,0
23687,0
23709,0
23726,0
23735,0
23740,0
23759,0
23773,0
23804,0
23843,0
23857,0
23861,0
23865,0
23895,0
23906,0
23927,0
23956,0
23963,0
23980,0
24071,0
24084,0
24089,0
24139,0
24148,0
24161,0
24174,0
24182,0
24194,0
24293,0
24306,0
24320,0
24324,0
24332,0
24341,0
24348,0
24360,0
24406,0
24410,0
24438,0
24448,0
24459,0
24471,0
24480,0
24500,0
24504,0
24511,0
24527,0
24534,0
24544,0
24599,0
24609,0
24613,0
24631,0
24640,0
24653,0
24657,0
24679,0
24684,0
24721,0
24727,0
24749,0
24759,0
24764,0
24774,0
24778,0
24784,0
24790,0
24819,0
24848,0
24854,0
24859,0
24863,0
24868,0
24878,0
24906,0
24935,0
24984,0
25000,0
25010,0
25032,0
25036,0
25051,0
25057,0
25063,0
25085,0
25096,0
25112,0
25136,0
25144,0
25154,0
25176,0
25191,0
25206,0
25216,0
25230,0
25240,0
25245,0
25253,0
25304,0
25313,0
25323,0
25358,0
25378,0
25394,0
25422,0
25472,0
25488,0
25513,0
25529,0
25548,0
25554,0
25594,0
25624,0
25628,0
25647,0
25651,0
25660,0
25671,0
25685,0
25695,0
25700,0
25762,0
25777,0
25799,0
25812,0
25832,0
25850,0
25863,0
25880,0
25892,0
25969,0
25992,0
25997,0
26013,0
26061,0
26070,0
26106,0
26127,0
26138,0
26148,0
26159,0
26176,0
26186,0
26205,0
26229,0
26237,0
26242,0
26251,0
26260,0
26270,0
26274,0
26280,0
26312,0
26316,0
26322,0
26339,0
26364,0
26373,0
26378,0
26383,0
26394,0
26419,0
26428,0
26476,0
26484,0
26492,0
26529,0
26547,0
26551,0
26574,0
26587,0
26591,0
26600,0
26619,0
26623,0
26637,0
26648,0
26658,0
26664,0
26681,0
26700,0
26732,0
26740,0
26763,0
26790,0
26810,0
26830,0
26884,0
26901,0
26921,0
26926,0
26960,0
26988,0
26992,0
27013,0
27018,0
27057,0
27067,0
27098,0
27102,0
27142,0
27184,0
27193,0
27198,0
27219,0
27223,0
27267,0
27320,0
27325,0
27340,0
27349,0
27375,0
27383,0
27410,0
27454,0
27472,0
27488,0
27506,0
27511,0
27522,0
27545,0
27551,0
27562,0
27568,0
27582,0
27598,0
27642,0
27646,0
27686,0
27723,0
27728,0
27733,0
27745,0
27749,0
27769,0
27801,0
27806,0
27811,0
27815,0
27877,0
27889,0
27893,0
27921,0
27925,0
27930,0
27939,0
27953,0
27957,0
27962,0
27967,0
27994,0
28004,0
28047,0
28059,0
28067,0
28081,0
28086,0
28093,0
28181,0
28185,0
28199,0
28226,0
28257,0
28262,0
28298,0
28303,0
28312,0
28327,0
28333,0
28403,0
28426,0
28431,0
28457,0
28462,0
28471,0
28475,0
28481,0
28487,0
28491,0
28501,0
28509,0
28514,0
28519,0
28553,0
28559,0
28603,0
28610,0
28614,0
28631,0
28635,0
28640,0
28644,0
28672,0
28676,0
28696,0
28700,0
28705,0
28745,0
28775,0
28789,0
28801,0
28821,0
28839,0
28843,0
28852,0
28921,0
28932,0
28954,0
28971,0
28982,0
28989,0
29009,0
29013,0
29022,0
29088,0
29104,0
29119,0
29124,0
29149,0
29160,0
29243,0
29248,0
29277,0
29315,0
29346,0
29360,0
29367,0
29383,0
29435,0
29445,0
29454,0
29475,0
29484,0
29529,0
29555,0
29589,0
29593,0
29598,0
29615,0
29620,0
29640,0
29683,0
29704,0
29745,0
29754,0
29763,0
29789,0
29794,0
29799,0
29807,0
29813,0
29839,0
29857,0
29864,0
29874,0
29903,0
29931,0
29940,0
29945,0
29955,0
29967,0
29985,0
29992,0
30017,0
30031,0
30037,0
30089,0
30117,0
30165,0
30200,0
30208,0
30224,0
30229,0
30249,0
30269,0
30274,0
30281,0
30287,0
30295,0
30324,0
30328,0
30333,0
30337,0
30357,0
30383,0
30395,0
30415,0
30419,0
30450,0
30484,0
30488,0
30492,0
30509,0
30521,0
30528,0
30554,0
30586,0
30686,0
30691,0
30695,0
30700,0
30719,0
30729,0
30740,0
30750,0
30754,0
30790,0
30794,0
30813,0
30821,0
30843,0
30848,0
30857,0
30877,0
30882,0
30891,0
30908,0
30917,0
30942,0
30959,0
30969,0
30981,0
31006,0
31010,0
31064,0
31074,0
31109,0
31121,0
31135,0
31144,0
31165,0
31181,0
31190,0
31200,0
31211,0
31225,0
31230,0
31241,0
31300,0
31327,0
31355,0
31366,0
31418,0
31433,0
31455,0
31465,0
31476,0
31486,0
31511,0
31526,0
31535,0
31548,0
31556,0
31575,0
31584,0
31599,0
31603,0
31607,0
31611,0
31621,0
31632,0
31637,0
31663,0
31671,0
31676,0
31682,0
31691,0
31701,0
31706,0
31715,0
31730,0
31739,0
31744,0
31749,0
31771,0
31783,0
31841,0
31847,0
31855,0
31859,0
31877,0
31896,0
31902,0
31913,0
31932,0
31952,0
31982,0
32004,0
32009,0
32021,0
32028,0
32032,0
32093,0
32098,0
32131,0
32140,0
32155,0
32160,0
32168,0
32173,0
32185,0
32190,0
32206,0
32211,0
32216,0
32220,0
32281,0
32317,0
32357,0
32372,0
32393,0
32397,0
32448,0
32471,0
32487,0
32505,0
32523,0
32562,0
32569,0
32596,0
32605,0
32615,0
32643,0
32651,0
32663,0
32667,0
32696,0
32709,0
32714,0
32737,0
32754,0
32773,0
32778,0
32854,0
32872,0
32876,0
32880,0
32884,0
32916,0
32921,0
32936,0
32946,0
32950,0
32978,0
32998,0
33023,0
33031,0
33050,0
33068,0
33075,0
33083,0
33090,0
33094,0
33105,0
33109,0
33145,0
33150,0
33166,0
33194,0
33200,0
33210,0
33225,0
33237,0
33263,0
33268,0
33336,0
33381,0
33386,0
33411,0
33436,0
33484,0
33496,0
33515,0
33521,0
33537,0
33543,0
33575,0
33582,0
33603,0
33608,0
33619,0
33633,0
33645,0
33690,0
33699,0
33704,0
33745,0
33763,0
33778,0
33788,0
33817,0
33827,0
33866,0
33890,0
33907,0
33917,0
33942,0
33951,0
33969,0
33990,0
34056,0
34090,0
34106,0
34112,0
34125,0
34138,0
34150,0
34179,0
34184,0
34189,0
34193,0
34199,0
34206,0
34211,0
34218,0
34236,0
34253,0
34262,0
34271,0
34298,0
34307,0
34317,0
34326,0
34380,0
34391,0
34401,0
34433,0
34480,0
34508,0
34546,0
34563,0
34575,0
34585,0
34590,0
34596,0
34605,0
34616,0
34624,0
34639,0
34648,0
34653,0
34676,0
34694,0
34698,0
34718,0
34722,0
34733,0
34760,0
34766,0
34774,0
34791,0
34797,0
34801,0
34822,0
34828,0
34832,0
34841,0
34855,0
34872,0
34878,0
34883,0
34895,0
34935,0
34940,0
34949,0
34954,0
34981,0
34986,0
35003,0
35010,0
35015,0
35030,0
35057,0
35075,0
35088,0
35105,0
35123,0
35138,0
35163,0
35172,0
35181,0
35192,0
35202,0
35206,0
35210,0
35220,0
35225,0
35231,0
35246,0
35253,0
35258,0
35276,0
35290,0
35302,0
35308,0
35321,0
35338,0
35342,0
35347,0
35353,0
35366,0
35373,0
35398,0
35406,0
35412,0
35455,0
35493,0
35522,0
35527,0
35547,0
35561,0
35565,0
35596,0
35607,0
35665,0
35685,0
35691,0
35696,0
35738,0
35742,0
35758,0
35774,0
35780,0
35788,0
35794,0
35805,0
35811,0
35819,0
35845,0
35850,0
35854,0
35900,0
35931,0
36011,0
36040,0
36046,0
36057,0
36075,0
36101,0
36120,0
36124,0
36142,0
36164,0
36168,0
36172,0
36183,0
36200,0
36232,0
36257,0
36262,0
36274,0
36286,0
36292,0
36310,0
36326,0
36347,0
36363,0
36377,0
36404,0
36430,0
36443,0
36460,0
36503,0
36534,0
36556,0
36576,0
36605,0
36619,0
36625,0
36631,0
36647,0
36655,0
36668,0
36672,0
36692,0
36707,0
36729,0
36759,0
36768,0
36793,0
36798,0
36806,0
36833,0
36842,0
36847,0
36856,0
36866,0
36894,0
36905,0
36909,0
36915,0
36954,0
36958,0
36969,0
36975,0
37021,0
37025,0
37030,0
37039,0
37055,0
37086,0
37111,0
37123,0
37155,0
37173,0
37200,0
37205,0
37215,0
37220,0
37229,0
37240,0
37258,0
37269,0
37273,0
37289,0
37295,0
37318,0
37326,0
37333,0
37350,0
37364,0
37382,0
37427,0
37463,0
37486,0
37500,0
37505,0
37526,0
37540,0
37552,0
37558,0
37570,0
37597,0
37608,0
37619,0
37639,0
37648,0
37653,0
37662,0
37674,0
37683,0
37688,0
37707,0
37719,0
37768,0
37772,0
37830,0
37839,0
37844,0
37861,0
37866,0
37875,0
37879,0
37884,0
37890,0
37896,0
37908,0
37951,0
37988,0
38033,0
38071,0
38077,0
38081,0
38091,0
38101,0
38106,0
38112,0
38153,0
38159,0
38164,0
38194,0
38215,0
38243,0
38274,0
38288,0
38309,0
38319,0
38340,0
38362,0
38371,0
38382,0
38391,0
38395,0
38407,0
38411,0
38415,0
38434,0
38489,0
38495,0
38504,0
38515,0
38534,0
38577,0
38588,0
38639,0
38645,0
38663,0
38668,0
38682,0
38703,0
38714,0
38738,0
38763,0
38781,0
38791,0
38810,0
38834,0
38865,0
38869,0
38895,0
38906,0
38935,0
38951,0
38960,0
39028,0
39040,0
39044,0
39050,0
39058,0
39062,0
39077,0
39090,0
39116,0
39124,0
39133,0
39141,0
39147,0
39163,0
39167,0
39181,0
39186,0
39191,0
39204,0
39229,0
39237,0
39253,0
39268,0
39274,0
39279,0
39307,0
39314,0
39333,0
39402,0
39412,0
39420,0
39425,0
39429,0
39445,0
39497,0
39567,0
39572,0
39578,0
39582,0
39589,0
39609,0
39638,0
39642,0
39658,0
39662,0
39678,0
39723,0
39734,0
39748,0
39764,0
39780,0
39813,0
39822,0
39843,0
39848,0
39855,0
39859,0
39877,0
39902,0
