48,0
26,0
68,0
119,0
143,0
57,0
161,0
158,0
16,0
257,0
263,0
271,0
274,0
278,0
283,0
288,0
292,0
124,0
317,0
366,0
375,0
438,0
454,0
458,0
467,0
488,0
499,0
517,0
527,0
576,0
587,0
598,0
610,0
615,0
633,0
644,0
662,0
691,0
718,0
725,0
738,0
755,0
760,0
809,0
820,0
830,0
839,0
851,0
880,0
892,0
909,0
938,0
968,0
1010,0
1016,0
1020,0
1041,0
1128,0
1132,0
1176,0
1188,0
1199,0
1222,0
1232,0
1266,0
1292,0
1303,0
1363,0
1367,0
1374,0
1385,0
1390,0
1426,0
1430,0
1458,0
1462,0
1477,0
1490,0
1495,0
1500,0
1507,0
1541,0
1545,0
1559,0
1651,0
1661,0
1680,0
1694,0
1699,0
1708,0
1719,0
1736,0
1741,0
1745,0
1755,0
1780,0
1789,0
1794,0
1802,0
1816,0
1828,0
1832,0
1852,0
1881,0
1890,0
1897,0
1901,0
1927,0
1941,0
1955,0
1960,0
1981,0
1995,0
1999,0
2052,0
2142,0
2151,0
2212,0
2233,0
2254,0
2265,0
2274,0
2278,0
2282,0
2291,0
2300,0
2310,0
2322,0
2331,0
2337,0
2368,0
2380,0
2388,0
2393,0
2413,0
2442,0
2453,0
2466,0
2491,0
2504,0
2511,0
2519,0
2523,0
2539,0
2549,0
2559,0
2602,0
2614,0
2622,0
2630,0
2642,0
2646,0
2650,0
2669,0
2674,0
2679,0
2689,0
2703,0
2716,0
2755,0
2760,0
2774,0
2779,0
2816,0
2820,0
2842,0
2858,0
2913,0
2934,0
2954,0
2989,0
3054,0
3067,0
3075,0
3082,0
3101,0
3120,0
3136,0
3140,0
3150,0
3165,0
3179,0
3183,0
3191,0
3195,0
3204,0
3227,0
3247,0
3264,0
3280,0
3292,0
3308,0
3325,0
3337,0
3350,0
3359,0
3379,0
3392,0
3405,0
3419,0
3423,0
3433,0
3452,0
3463,0
3482,0
3498,0
3506,0
3516,0
3532,0
3600,0
3622,0
3626,0
3635,0
3641,0
3652,0
3661,0
3670,0
3684,0
3689,0
3697,0
3738,0
3743,0
3757,0
3763,0
3783,0
3787,0
3794,0
3812,0
3817,0
3847,0
3857,0
3868,0
3893,0
3898,0
3909,0
3915,0
3922,0
3940,0
3973,0
3987,0
3998,0
4020,0
4031,0
4038,0
4052,0
4076,0
4086,0
4092,0
4107,0
4111,0
4122,0
4126,0
4140,0
4178,0
4219,0
4229,0
4277,0
4291,0
4295,0
4299,0
4380,0
4401,0
4407,0
4416,0
4456,0
4467,0
4481,0
4497,0
4501,0
4516,0
4531,0
4535,0
4539,0
4545,0
4564,0
4578,0
4583,0
4588,0
4597,0
4607,0
4636,0
4646,0
4661,0
4666,0
4677,0
4691,0
4722,0
4730,0
4735,0
4741,0
4755,0
4760,0
4793,0
4799,0
4806,0
4848,0
4853,0
4876,0
4882,0
4886,0
4900,0
4906,0
4921,0
4956,0
4966,0
4970,0
4975,0
4979,0
5002,0
5012,0
5023,0
5028,0
5046,0
5068,0
5081,0
5097,0
5111,0
5138,0
5159,0
5173,0
5177,0
5205,0
5220,0
5225,0
5230,0
5245,0
5276,0
5299,0
5310,0
5388,0
5392,0
5398,0
5450,0
5454,0
5461,0
5488,0
5514,0
5521,0
5530,0
5556,0
5586,0
5594,0
5598,0
5606,0
5628,0
5650,0
5663,0
5675,0
5697,0
5711,0
5717,0
5730,0
5751,0
5758,0
5763,0
5770,0
5780,0
5812,0
5855,0
5876,0
5882,0
5888,0
5892,0
5915,0
5942,0
5947,0
5966,0
5983,0
5989,0
6010,0
6023,0
6027,0
6031,0
6044,0
6064,0
6071,0
6083,0
6088,0
6099,0
6104,0
6119,0
6125,0
6139,0
6186,0
6192,0
6210,0
6237,0
6247,0
6262,0
6280,0
6286,0
6330,0
6334,0
6357,0
6373,0
6387,0
6408,0
6432,0
6465,0
6472,0
6476,0
6489,0
6510,0
6515,0
6545,0
6562,0
6585,0
6604,0
6619,0
6623,0
6663,0
6703,0
6718,0
6745,0
6759,0
6766,0
6772,0
6787,0
6815,0
6826,0
6850,0
6887,0
6891,0
6914,0
6918,0
6935,0
6943,0
6950,0
6968,0
6973,0
6978,0
7016,0
7025,0
7030,0
7040,0
7051,0
7079,0
7096,0
7106,0
7123,0
7167,0
7174,0
7182,0
7230,0
7235,0
7239,0
7244,0
7268,0
7285,0
7320,0
7329,0
7335,0
7347,0
7357,0
7365,0
7369,0
7376,0
7402,0
7407,0
7413,0
7417,0
7441,0
7448,0
7452,0
7457,0
7461,0
7480,0
7504,0
7516,0
7528,0
7538,0
7543,0
7549,0
7556,0
7561,0
7570,0
7587,0
7626,0
7676,0
7681,0
7686,0
7706,0
7710,0
7733,0
7750,0
7756,0
7779,0
7787,0
7823,0
7845,0
7851,0
7855,0
7879,0
7930,0
7934,0
7978,0
8007,0
8015,0
8041,0
8072,0
8090,0
8095,0
8105,0
8120,0
8137,0
8184,0
8223,0
8227,0
8248,0
8261,0
8267,0
8282,0
8290,0
8322,0
8336,0
8355,0
8413,0
8432,0
8485,0
8494,0
8499,0
8506,0
8518,0
8527,0
8539,0
8545,0
8557,0
8573,0
8582,0
8587,0
8620,0
8658,0
8663,0
8673,0
8677,0
8685,0
8689,0
8698,0
8705,0
8711,0
8716,0
8726,0
8732,0
8737,0
8741,0
8753,0
8759,0
8781,0
8819,0
8829,0
8843,0
8862,0
8868,0
8877,0
8882,0
8910,0
8914,0
8920,0
8928,0
8949,0
8956,0
8967,0
8976,0
8988,0
8999,0
9071,0
9088,0
9103,0
9107,0
9118,0
9188,0
9201,0
9243,0
9254,0
9300,0
9318,0
9325,0
9330,0
9342,0
9348,0
9369,0
9419,0
9425,0
9432,0
9451,0
9457,0
9467,0
9483,0
9519,0
9532,0
9549,0
9564,0
9622,0
9643,0
9664,0
9668,0
9705,0
9723,0
9737,0
9760,0
9765,0
9770,0
9784,0
9789,0
9794,0
9810,0
9815,0
9859,0
9863,0
9921,0
9925,0
10000,0
10007,0
10011,0
10016,0
10027,0
10038,0
10047,0
10052,0
10064,0
10070,0
10074,0
10115,0
10128,0
10148,0
10154,0
10169,0
10174,0
10180,0
10233,0
10239,0
10247,0
10275,0
10295,0
10320,0
10336,0
10340,0
10353,0
10362,0
10369,0
10409,0
10413,0
10417,0
10431,0
10460,0
10464,0
10488,0
10493,0
10516,0
10573,0
10591,0
10595,0
10606,0
10611,0
10630,0
10650,0
10655,0
10668,0
10673,0
10678,0
10698,0
10739,0
10753,0
10768,0
10785,0
10804,0
10836,0
10840,0
10855,0
10868,0
10874,0
10936,0
10979,0
10983,0
10997,0
11001,0
11023,0
11033,0
11037,0
11058,0
11068,0
11095,0
11215,0
11219,0
11226,0
11251,0
11279,0
11301,0
11305,0
11319,0
11339,0
11343,0
11356,0
11374,0
11397,0
11401,0
11427,0
11439,0
11454,0
11461,0
11488,0
11506,0
11524,0
11548,0
11560,0
11570,0
11580,0
11590,0
11608,0
11612,0
11626,0
11640,0
11650,0
11662,0
11709,0
11725,0
11741,0
11756,0
11778,0
11787,0
11800,0
11809,0
11820,0
11842,0
11851,0
11867,0
11872,0
11886,0
11925,0
11929,0
11933,0
11955,0
11974,0
11978,0
11983,0
12016,0
12023,0
12055,0
12069,0
12075,0
12096,0
12107,0
12115,0
12125,0
12133,0
12172,0
12177,0
12198,0
12235,0
12251,0
12273,0
12293,0
12339,0
12346,0
12371,0
12377,0
12383,0
12406,0
12422,0
12478,0
12511,0
12560,0
12564,0
12572,0
12579,0
12622,0
12634,0
12649,0
12664,0
12682,0
12694,0
12715,0
12739,0
12748,0
12766,0
12772,0
12782,0
12820,0
12830,0
12836,0
12844,0
12851,0
12886,0
12906,0
12945,0
12985,0
13000,0
13006,0
13019,0
13023,0
13114,0
13132,0
13162,0
13183,0
13188,0
13193,0
13201,0
13223,0
13243,0
13247,0
13259,0
13268,0
13321,0
13339,0
13345,0
13369,0
13374,0
13439,0
13444,0
13451,0
13466,0
13482,0
13486,0
13490,0
13503,0
13581,0
13600,0
13605,0
13626,0
13654,0
13660,0
13664,0
13669,0
13678,0
13689,0
13709,0
13715,0
13729,0
13733,0
13748,0
13756,0
13761,0
13765,0
13795,0
13800,0
13804,0
13818,0
13842,0
13857,0
13879,0
13885,0
13909,0
13919,0
13924,0
13946,0
13961,0
13972,0
14000,0
14037,0
14042,0
14058,0
14067,0
14073,0
14097,0
14111,0
14117,0
14127,0
14144,0
14167,0
14194,0
14231,0
14236,0
14261,0
14266,0
14272,0
14285,0
14310,0
14325,0
14346,0
14361,0
14403,0
14421,0
14446,0
14450,0
14464,0
14488,0
14539,0
14563,0
14574,0
14610,0
14614,0
14621,0
14630,0
14659,0
14677,0
14691,0
14697,0
14702,0
14708,0
14717,0
14755,0
14778,0
14787,0
14791,0
14796,0
14814,0
14825,0
14830,0
14840,0
14850,0
14854,0
14863,0
14954,0
14969,0
14985,0
15010,0
15035,0
15089,0
15102,0
15112,0
15128,0
15146,0
15166,0
15176,0
15181,0
15187,0
15191,0
15197,0
15219,0
15234,0
15283,0
15293,0
15297,0
15322,0
15361,0
15372,0
15391,0
15402,0
15413,0
15417,0
15453,0
15457,0
15476,0
15486,0
15509,0
15513,0
15517,0
15523,0
15534,0
15539,0
15545,0
15588,0
15606,0
15616,0
15639,0
15689,0
15716,0
15720,0
15728,0
15740,0
15745,0
15779,0
15798,0
15806,0
15812,0
15833,0
15847,0
15868,0
15887,0
15924,0
15934,0
15942,0
15948,0
15953,0
15977,0
15984,0
15996,0
16015,0
16029,0
16052,0
16058,0
16062,0
16066,0
16089,0
16094,0
16142,0
16160,0
16165,0
16171,0
16180,0
16190,0
16202,0
16217,0
16221,0
16225,0
16238,0
16243,0
16248,0
16257,0
16273,0
16278,0
16288,0
16298,0
16318,0
16361,0
16372,0
16401,0
16406,0
16410,0
16426,0
16435,0
16445,0
16450,0
16463,0
16474,0
16490,0
16503,0
16518,0
16582,0
16631,0
16674,0
16680,0
16717,0
16722,0
16738,0
16753,0
16759,0
16780,0
16791,0
16802,0
16840,0
16845,0
16863,0
16877,0
16897,0
16904,0
16931,0
16948,0
16954,0
16965,0
16978,0
17013,0
17055,0
17072,0
17077,0
17099,0
17103,0
17118,0
17131,0
17137,0
17142,0
17159,0
17172,0
17187,0
17191,0
17205,0
17217,0
17227,0
17240,0
17250,0
17254,0
17270,0
17315,0
17334,0
17360,0
17405,0
17417,0
17435,0
17470,0
17475,0
17480,0
17498,0
17508,0
17559,0
17593,0
17597,0
17602,0
17606,0
17623,0
17658,0
17663,0
17668,0
17711,0
17737,0
17771,0
17801,0
17806,0
17813,0
17824,0
17842,0
17863,0
17898,0
17910,0
17922,0
17932,0
17936,0
17941,0
17949,0
17964,0
17986,0
17994,0
17999,0
18003,0
18057,0
18106,0
18126,0
18130,0
18146,0
18158,0
18171,0
18190,0
18202,0
18219,0
18256,0
18266,0
18281,0
18285,0
18291,0
18315,0
18333,0
18342,0
18376,0
18382,0
18386,0
18402,0
18406,0
18416,0
18421,0
18461,0
18470,0
18475,0
18494,0
18511,0
18551,0
18555,0
18575,0
18584,0
18588,0
18613,0
18648,0
18659,0
18677,0
18688,0
18728,0
18732,0
18736,0
18766,0
18789,0
18794,0
18818,0
18822,0
18827,0
18831,0
18836,0
18853,0
18890,0
18911,0
18932,0
18948,0
18966,0
18977,0
18991,0
18996,0
19055,0
19081,0
19087,0
19092,0
19101,0
19116,0
19120,0
19131,0
19145,0
19149,0
19158,0
19171,0
19176,0
19212,0
19226,0
19239,0
19288,0
19309,0
19319,0
19348,0
19354,0
19404,0
19408,0
19414,0
19428,0
19437,0
19442,0
19463,0
19468,0
19472,0
19480,0
19498,0
19511,0
19521,0
19536,0
19540,0
19544,0
19563,0
19570,0
19584,0
19594,0
19603,0
19613,0
19623,0
19629,0
19650,0
19660,0
19670,0
19692,0
19697,0
19737,0
19744,0
19752,0
19770,0
19778,0
19803,0
19810,0
19814,0
19888,0
19932,0
19955,0
19967,0
19975,0
19980,0
19992,0
20006,0
20019,0
20031,0
20059,0
20070,0
20077,0
20085,0
20094,0
20106,0
20158,0
20197,0
20211,0
20231,0
20262,0
20280,0
20288,0
20293,0
20336,0
20342,0
20347,0
20383,0
20394,0
20442,0
20451,0
20475,0
20481,0
20494,0
20526,0
20539,0
20549,0
20561,0
20583,0
20592,0
20601,0
20611,0
20621,0
20633,0
20640,0
20660,0
20665,0
20676,0
20695,0
20699,0
20703,0
20753,0
20763,0
20786,0
20790,0
20817,0
20854,0
20858,0
20862,0
20871,0
20899,0
20910,0
20929,0
21027,0
21032,0
21037,0
21070,0
21074,0
21078,0
21152,0
21170,0
21193,0
21216,0
21244,0
21258,0
21277,0
21299,0
21342,0
21346,0
21355,0
21375,0
21381,0
21407,0
21413,0
21419,0
21428,0
21440,0
21451,0
21459,0
21484,0
21493,0
21516,0
21530,0
21546,0
21601,0
21626,0
21630,0
21657,0
21703,0
21715,0
21720,0
21730,0
21753,0
21786,0
21797,0
21808,0
21829,0
21843,0
21872,0
21888,0
21918,0
21922,0
21944,0
21954,0
21992,0
22013,0
22026,0
22032,0
22037,0
22043,0
22066,0
22070,0
22075,0
22083,0
22093,0
22101,0
22118,0
22127,0
22142,0
22152,0
22172,0
22177,0
22188,0
22194,0
22240,0
22249,0
22270,0
22299,0
22315,0
22322,0
22327,0
22340,0
22358,0
22368,0
22377,0
22382,0
22387,0
22422,0
22444,0
22470,0
22484,0
22492,0
22496,0
22523,0
22553,0
22579,0
22588,0
22593,0
22622,0
22627,0
22645,0
22651,0
22655,0
22667,0
22671,0
22677,0
22682,0
22694,0
22707,0
22724,0
22732,0
22737,0
22784,0
22804,0
22809,0
22826,0
22830,0
22890,0
22925,0
22987,0
23016,0
23032,0
23040,0
23046,0
23053,0
23078,0
23087,0
23093,0
23119,0
23161,0
23177,0
23195,0
23199,0
23240,0
23244,0
23258,0
23294,0
23301,0
23305,0
23350,0
23358,0
23398,0
23423,0
23428,0
23442,0
23464,0
23489,0
23493,0
23497,0
23503,0
23516,0
23521,0
23525,0
23556,0
23560,0
23571,0
23575,0
23593,0
23614,0
23624,0
23630,0
23647,0
23651,0
23691,0
23697,0
23719,0
23757,0
23761,0
23783,0
23817,0
23836,0
23883,0
23907,0
23924,0
23959,0
23974,0
23987,0
23991,0
23996,0
24000,0
24021,0
24035,0
24040,0
24081,0
24103,0
24107,0
24122,0
24130,0
24138,0
24147,0
24153,0
24166,0
24170,0
24175,0
24186,0
24213,0
24217,0
24227,0
24232,0
24237,0
24283,0
24308,0
24326,0
24349,0
24367,0
24391,0
24399,0
24403,0
24419,0
24424,0
24430,0
24463,0
24467,0
24525,0
24558,0
24563,0
24581,0
24620,0
24630,0
24647,0
24658,0
24662,0
24681,0
24685,0
24705,0
24732,0
24742,0
24760,0
24766,0
24808,0
24813,0
24823,0
24833,0
24856,0
24864,0
24887,0
24897,0
24902,0
24918,0
24922,0
24933,0
24944,0
24957,0
24961,0
24979,0
24989,0
25015,0
25031,0
25048,0
25078,0
25123,0
25143,0
25155,0
25159,0
25175,0
25179,0
25184,0
25194,0
25213,0
25224,0
25239,0
25243,0
25248,0
25273,0
25289,0
25293,0
25315,0
25334,0
25343,0
25350,0
25368,0
25392,0
25398,0
25407,0
25434,0
25440,0
25457,0
25464,0
25505,0
25522,0
25534,0
25539,0
25544,0
25557,0
25567,0
25583,0
25592,0
25602,0
25625,0
25640,0
25659,0
25665,0
25714,0
25720,0
25725,0
25730,0
25751,0
25757,0
25761,0
25765,0
25827,0
25853,0
25871,0
25883,0
25924,0
25933,0
25937,0
25945,0
25949,0
25954,0
25965,0
25974,0
25990,0
25995,0
26006,0
26025,0
26032,0
26037,0
26048,0
26066,0
26090,0
26105,0
26110,0
26121,0
26126,0
26141,0
26145,0
26156,0
26160,0
26188,0
26193,0
26213,0
26217,0
26236,0
26249,0
26257,0
26262,0
26279,0
26320,0
26325,0
26354,0
26380,0
26402,0
26410,0
26429,0
26440,0
26468,0
26478,0
26498,0
26502,0
26557,0
26564,0
26578,0
26585,0
26592,0
26601,0
26605,0
26627,0
26632,0
26641,0
26650,0
26754,0
26773,0
26784,0
26789,0
26806,0
26821,0
26844,0
26850,0
26867,0
26872,0
26887,0
26892,0
26899,0
26912,0
26932,0
26937,0
26956,0
26987,0
27010,0
27023,0
27033,0
27045,0
27071,0
27075,0
27090,0
27100,0
27121,0
27159,0
27170,0
27176,0
27201,0
27207,0
27212,0
27239,0
27261,0
27265,0
27269,0
27283,0
27316,0
27327,0
27336,0
27351,0
27355,0
27373,0
27378,0
27396,0
27415,0
27425,0
27436,0
27443,0
27460,0
27485,0
27509,0
27519,0
27523,0
27535,0
27552,0
27556,0
27579,0
27587,0
27611,0
27615,0
27620,0
27624,0
27664,0
27669,0
27697,0
27708,0
27716,0
27721,0
27726,0
27746,0
27765,0
27787,0
27791,0
27827,0
27836,0
27900,0
27907,0
27920,0
27935,0
27964,0
27976,0
27980,0
27985,0
27989,0
27993,0
28000,0
28034,0
28057,0
28084,0
28110,0
28115,0
28125,0
28168,0
28201,0
28210,0
28223,0
28247,0
28254,0
28280,0
28296,0
28317,0
28323,0
28328,0
28354,0
28365,0
28410,0
28416,0
28435,0
28441,0
28445,0
28451,0
28528,0
28548,0
28562,0
28567,0
28572,0
28578,0
28590,0
28600,0
28617,0
28633,0
28647,0
28666,0
28702,0
28714,0
28752,0
28782,0
28794,0
28825,0
28831,0
28865,0
28875,0
28880,0
28885,0
28889,0
28899,0
28930,0
28938,0
28948,0
28965,0
28970,0
28993,0
29033,0
29057,0
29063,0
29076,0
29099,0
29103,0
29166,0
29171,0
29180,0
29198,0
29209,0
29226,0
29236,0
29240,0
29276,0
29306,0
29312,0
29377,0
29386,0
29404,0
29416,0
29427,0
29432,0
29448,0
29459,0
29505,0
29509,0
29541,0
29557,0
29565,0
29576,0
29586,0
29603,0
29623,0
29638,0
29659,0
29698,0
29726,0
29748,0
29753,0
29759,0
29780,0
29786,0
29796,0
29803,0
29825,0
29845,0
29883,0
29907,0
29917,0
29953,0
29958,0
29998,0
30003,0
30039,0
30068,0
30081,0
30087,0
30093,0
30103,0
30112,0
30133,0
30153,0
30157,0
30161,0
30180,0
30289,0
30304,0
30313,0
30353,0
30366,0
30371,0
30384,0
30403,0
30409,0
30422,0
30430,0
30458,0
30468,0
30480,0
30486,0
30491,0
30500,0
30504,0
30515,0
30562,0
30568,0
30580,0
30608,0
30614,0
30624,0
30645,0
30653,0
30667,0
30671,0
30688,0
30713,0
30721,0
30725,0
30746,0
30751,0
30755,0
30798,0
30802,0
30826,0
30837,0
30841,0
30852,0
30873,0
30878,0
30892,0
30926,0
30931,0
30957,0
30967,0
30971,0
30976,0
30996,0
31000,0
31004,0
31008,0
31022,0
31039,0
31048,0
31058,0
31100,0
31124,0
31170,0
31174,0
31179,0
31183,0
31203,0
31207,0
31240,0
31255,0
31261,0
31266,0
31276,0
31293,0
31337,0
31343,0
31357,0
31363,0
31370,0
31376,0
31403,0
31413,0
31417,0
31424,0
31436,0
31442,0
31470,0
31474,0
31478,0
31490,0
31503,0
31508,0
31518,0
31543,0
31563,0
31574,0
31579,0
31586,0
31592,0
31610,0
31630,0
31635,0
31652,0
31667,0
31672,0
31681,0
31688,0
31712,0
31723,0
31728,0
31741,0
31752,0
31758,0
31799,0
31806,0
31812,0
31822,0
31833,0
31867,0
31883,0
31905,0
31930,0
31950,0
31968,0
31998,0
32042,0
32081,0
32090,0
32126,0
32132,0
32136,0
32144,0
32151,0
32169,0
32174,0
32227,0
32237,0
32247,0
32255,0
32271,0
32287,0
32307,0
32313,0
32336,0
32340,0
32388,0
32398,0
32415,0
32420,0
32457,0
32464,0
32469,0
32476,0
32492,0
32507,0
32517,0
32527,0
32545,0
32550,0
32557,0
32593,0
32623,0
32652,0
32694,0
32702,0
32710,0
32718,0
32729,0
32735,0
32740,0
32752,0
32779,0
32784,0
32797,0
32812,0
32816,0
32853,0
32858,0
32864,0
32870,0
32879,0
32899,0
32912,0
32934,0
32940,0
32944,0
32959,0
32963,0
32973,0
33006,0
33027,0
33036,0
33046,0
33079,0
33108,0
33112,0
33125,0
33131,0
33137,0
33147,0
33151,0
33155,0
33165,0
33171,0
33208,0
33215,0
33234,0
33244,0
33248,0
33256,0
33277,0
33291,0
33300,0
33329,0
33368,0
33374,0
33402,0
33406,0
33416,0
33427,0
33433,0
33455,0
33465,0
33488,0
33501,0
33524,0
33528,0
33533,0
33552,0
33558,0
33568,0
33592,0
33624,0
33628,0
33649,0
33653,0
33670,0
33676,0
33695,0
33702,0
33720,0
33736,0
33779,0
33794,0
33801,0
33805,0
33813,0
33821,0
33842,0
33847,0
33852,0
33870,0
33881,0
33891,0
33911,0
33916,0
33947,0
33964,0
33991,0
34020,0
34031,0
34037,0
34070,0
34075,0
34101,0
34117,0
34129,0
34139,0
34159,0
34165,0
34171,0
34175,0
34181,0
34210,0
34222,0
34227,0
34305,0
34342,0
34368,0
34377,0
34382,0
34404,0
34413,0
34429,0
34435,0
34453,0
34462,0
34467,0
34478,0
34545,0
34562,0
34572,0
34577,0
34602,0
34607,0
34643,0
34663,0
34689,0
34693,0
34702,0
34708,0
34727,0
34737,0
34745,0
34767,0
34798,0
34837,0
34853,0
34888,0
34893,0
34900,0
34907,0
34912,0
34928,0
34964,0
35023,0
35034,0
35040,0
35059,0
35073,0
35091,0
35096,0
35130,0
35169,0
35208,0
35213,0
35217,0
35245,0
35260,0
35266,0
35280,0
35287,0
35299,0
35309,0
35318,0
35392,0
35397,0
35419,0
35433,0
35461,0
35480,0
35492,0
35504,0
35532,0
35567,0
35572,0
35583,0
35592,0
35600,0
35612,0
35618,0
35639,0
35645,0
35659,0
35663,0
35680,0
35705,0
35710,0
35736,0
35747,0
35769,0
35784,0
35804,0
35810,0
35830,0
35835,0
35842,0
35846,0
35872,0
35884,0
35891,0
35901,0
35914,0
35954,0
35964,0
35983,0
35993,0
35999,0
36006,0
36024,0
36032,0
36081,0
36087,0
36093,0
36097,0
36122,0
36127,0
36131,0
36141,0
36158,0
36190,0
36204,0
36214,0
36226,0
36231,0
36237,0
36241,0
36247,0
36263,0
36267,0
36282,0
36300,0
36304,0
36332,0
36360,0
36366,0
36372,0
36376,0
36381,0
36390,0
36399,0
36422,0
36431,0
36449,0
36463,0
36473,0
36527,0
36535,0
36546,0
36559,0
36574,0
36583,0
36593,0
36597,0
36603,0
36629,0
36650,0
36661,0
36681,0
36702,0
36713,0
36728,0
36744,0
36754,0
36765,0
36808,0
36822,0
36852,0
36859,0
36863,0
36878,0
36914,0
36923,0
36936,0
36952,0
36998,0
37036,0
37064,0
37094,0
37159,0
37175,0
37183,0
37191,0
37208,0
37243,0
37259,0
37276,0
37301,0
37310,0
37336,0
37341,0
37361,0
37366,0
37387,0
37399,0
37419,0
37440,0
37445,0
37460,0
37464,0
37474,0
37490,0
37497,0
37512,0
37520,0
37529,0
37560,0
37613,0
37626,0
37636,0
37641,0
37657,0
37679,0
37690,0
37695,0
37700,0
37720,0
37725,0
37749,0
37763,0
37779,0
37815,0
37831,0
37851,0
37864,0
37871,0
37895,0
37903,0
37909,0
37925,0
37948,0
37959,0
37975,0
37981,0
38007,0
38012,0
38018,0
38028,0
38038,0
38065,0
38069,0
38073,0
38126,0
38157,0
38176,0
38181,0
38199,0
38231,0
38250,0
38280,0
38297,0
38344,0
38348,0
38357,0
38379,0
38393,0
38398,0
38404,0
38409,0
38414,0
38420,0
38432,0
38457,0
38477,0
38500,0
38513,0
38528,0
38540,0
38546,0
38556,0
38569,0
38579,0
38583,0
38589,0
38609,0
38627,0
38638,0
38647,0
38666,0
38674,0
38689,0
38700,0
38706,0
38744,0
38759,0
38769,0
38780,0
38784,0
38801,0
38824,0
38854,0
38868,0
38872,0
38882,0
38904,0
38947,0
38956,0
38964,0
39000,0
39004,0
39017,0
39068,0
39080,0
39108,0
39121,0
39129,0
39166,0
39177,0
39187,0
39200,0
39221,0
39225,0
39244,0
39254,0
39267,0
39271,0
39275,0
39300,0
39319,0
39324,0
39328,0
39338,0
39344,0
39435,0
39439,0
39443,0
39447,0
39452,0
39461,0
39471,0
39488,0
39511,0
39515,0
39524,0
39530,0
39541,0
39551,0
39561,0
39575,0
39587,0
39606,0
39612,0
39616,0
39629,0
39634,0
39643,0
39647,0
39653,0
39657,0
39698,0
39763,0
39783,0
39789,0
39793,0
39798,0
39830,0
39856,0
39867,0
39880,0
39885,0
39891,0
39897,0
39918,0
39929,0
